49 0.5112704918032788 0.762890625 0.1987704918032787 0.15078125
43 0.2587090163934426 0.32656250000000003 0.2223360655737705 0.17343750000000002
14 0.7248975409836066 0.29765625 0.2264344262295082 0.215625
14 0.7248975409836066 0.29765625 0.2264344262295082 0.215625
14 0.7248975409836066 0.29765625 0.2264344262295082 0.215625
14 0.7248975409836066 0.29765625 0.2264344262295082 0.215625
14 0.7248975409836066 0.29765625 0.2264344262295082 0.215625
14 0.7248975409836066 0.29765625 0.2264344262295082 0.215625
14 0.7248975409836066 0.29765625 0.2264344262295082 0.215625
14 0.7248975409836066 0.29765625 0.2264344262295082 0.215625
43 0.2587090163934426 0.32656250000000003 0.2223360655737705 0.17343750000000002
43 0.2587090163934426 0.32656250000000003 0.2223360655737705 0.17343750000000002
43 0.2587090163934426 0.32656250000000003 0.2223360655737705 0.17343750000000002
43 0.2587090163934426 0.32656250000000003 0.2223360655737705 0.17343750000000002
