25 0.757172131147541 0.259765625 0.23155737704918034 0.37265625
8 0.2551229508196721 0.296875 0.30327868852459017 0.4140625
35 0.78125 0.7292968750000001 0.2489754098360656 0.40234375
8 0.2551229508196721 0.296875 0.30327868852459017 0.4140625
8 0.2551229508196721 0.296875 0.30327868852459017 0.4140625
8 0.2551229508196721 0.296875 0.30327868852459017 0.4140625
8 0.2551229508196721 0.296875 0.30327868852459017 0.4140625
35 0.78125 0.7292968750000001 0.2489754098360656 0.40234375
35 0.78125 0.7292968750000001 0.2489754098360656 0.40234375
35 0.78125 0.7292968750000001 0.2489754098360656 0.40234375
