2 0.3078893442622951 0.7046875 0.37192622950819676 0.31875000000000003
49 0.4672131147540984 0.27578125000000003 0.1905737704918033 0.14375000000000002
40 0.7679303278688525 0.7230468750000001 0.19569672131147542 0.16484375
2 0.3078893442622951 0.7046875 0.37192622950819676 0.31875000000000003
2 0.3078893442622951 0.7046875 0.37192622950819676 0.31875000000000003
2 0.3078893442622951 0.7046875 0.37192622950819676 0.31875000000000003
40 0.7679303278688525 0.7230468750000001 0.19569672131147542 0.16484375
40 0.7679303278688525 0.7230468750000001 0.19569672131147542 0.16484375
40 0.7679303278688525 0.7230468750000001 0.19569672131147542 0.16484375
40 0.7679303278688525 0.7230468750000001 0.19569672131147542 0.16484375
40 0.7679303278688525 0.7230468750000001 0.19569672131147542 0.16484375
40 0.7679303278688525 0.7230468750000001 0.19569672131147542 0.16484375
40 0.7679303278688525 0.7230468750000001 0.19569672131147542 0.16484375
40 0.7679303278688525 0.7230468750000001 0.19569672131147542 0.16484375
