19 0.14907786885245902 0.671875 0.19364754098360656 0.153125
49 0.45543032786885246 0.203125 0.18340163934426232 0.1453125
1 0.7269467213114754 0.6664062500000001 0.3698770491803279 0.21875
1 0.7269467213114754 0.6664062500000001 0.3698770491803279 0.21875
1 0.7269467213114754 0.6664062500000001 0.3698770491803279 0.21875
1 0.7269467213114754 0.6664062500000001 0.3698770491803279 0.21875
19 0.14907786885245902 0.671875 0.19364754098360656 0.153125
19 0.14907786885245902 0.671875 0.19364754098360656 0.153125
19 0.14907786885245902 0.671875 0.19364754098360656 0.153125
19 0.14907786885245902 0.671875 0.19364754098360656 0.153125
19 0.14907786885245902 0.671875 0.19364754098360656 0.153125
