9 0.27202868852459017 0.780859375 0.29815573770491804 0.39453125
55 0.7054303278688525 0.3125 0.21618852459016394 0.26406250000000003
24 0.7838114754098361 0.7839843750000001 0.2213114754098361 0.16796875
62 0.2889344262295082 0.280859375 0.13729508196721313 0.10859375
55 0.7054303278688525 0.3125 0.21618852459016394 0.26406250000000003
55 0.7054303278688525 0.3125 0.21618852459016394 0.26406250000000003
55 0.7054303278688525 0.3125 0.21618852459016394 0.26406250000000003
55 0.7054303278688525 0.3125 0.21618852459016394 0.26406250000000003
62 0.2889344262295082 0.280859375 0.13729508196721313 0.10859375
62 0.2889344262295082 0.280859375 0.13729508196721313 0.10859375
62 0.2889344262295082 0.280859375 0.13729508196721313 0.10859375
62 0.2889344262295082 0.280859375 0.13729508196721313 0.10859375
62 0.2889344262295082 0.280859375 0.13729508196721313 0.10859375
62 0.2889344262295082 0.280859375 0.13729508196721313 0.10859375
62 0.2889344262295082 0.280859375 0.13729508196721313 0.10859375
62 0.2889344262295082 0.280859375 0.13729508196721313 0.10859375
62 0.2889344262295082 0.280859375 0.13729508196721313 0.10859375
