10 0.22745901639344263 0.732421875 0.19672131147540983 0.14453125
26 0.24795081967213117 0.268359375 0.2069672131147541 0.11484375000000001
9 0.7704918032786886 0.18320312500000002 0.3114754098360656 0.36484375
4 0.7797131147540984 0.743359375 0.2561475409836066 0.35234375
4 0.7797131147540984 0.743359375 0.2561475409836066 0.35234375
4 0.7797131147540984 0.743359375 0.2561475409836066 0.35234375
10 0.22745901639344263 0.732421875 0.19672131147540983 0.14453125
10 0.22745901639344263 0.732421875 0.19672131147540983 0.14453125
10 0.22745901639344263 0.732421875 0.19672131147540983 0.14453125
10 0.22745901639344263 0.732421875 0.19672131147540983 0.14453125
10 0.22745901639344263 0.732421875 0.19672131147540983 0.14453125
10 0.22745901639344263 0.732421875 0.19672131147540983 0.14453125
