55 0.2776639344262295 0.662109375 0.22336065573770492 0.28359375000000003
24 0.19928278688524592 0.2328125 0.21004098360655737 0.15625
0 0.7489754098360656 0.199609375 0.23155737704918034 0.17578125
13 0.7085040983606558 0.7132812500000001 0.17725409836065575 0.19062500000000002
13 0.7085040983606558 0.7132812500000001 0.17725409836065575 0.19062500000000002
13 0.7085040983606558 0.7132812500000001 0.17725409836065575 0.19062500000000002
13 0.7085040983606558 0.7132812500000001 0.17725409836065575 0.19062500000000002
13 0.7085040983606558 0.7132812500000001 0.17725409836065575 0.19062500000000002
13 0.7085040983606558 0.7132812500000001 0.17725409836065575 0.19062500000000002
13 0.7085040983606558 0.7132812500000001 0.17725409836065575 0.19062500000000002
13 0.7085040983606558 0.7132812500000001 0.17725409836065575 0.19062500000000002
13 0.7085040983606558 0.7132812500000001 0.17725409836065575 0.19062500000000002
13 0.7085040983606558 0.7132812500000001 0.17725409836065575 0.19062500000000002
13 0.7085040983606558 0.7132812500000001 0.17725409836065575 0.19062500000000002
55 0.2776639344262295 0.662109375 0.22336065573770492 0.28359375000000003
55 0.2776639344262295 0.662109375 0.22336065573770492 0.28359375000000003
55 0.2776639344262295 0.662109375 0.22336065573770492 0.28359375000000003
