25 0.7920081967213115 0.248046875 0.22336065573770492 0.38046875
35 0.7725409836065574 0.719921875 0.2418032786885246 0.38359375
30 0.3043032786885246 0.253515625 0.2827868852459017 0.41640625000000003
42 0.29559426229508196 0.7777343750000001 0.33094262295081966 0.25234375000000003
30 0.3043032786885246 0.253515625 0.2827868852459017 0.41640625000000003
30 0.3043032786885246 0.253515625 0.2827868852459017 0.41640625000000003
35 0.7725409836065574 0.719921875 0.2418032786885246 0.38359375
35 0.7725409836065574 0.719921875 0.2418032786885246 0.38359375
42 0.29559426229508196 0.7777343750000001 0.33094262295081966 0.25234375000000003
42 0.29559426229508196 0.7777343750000001 0.33094262295081966 0.25234375000000003
