18 0.7622950819672132 0.7230468750000001 0.2336065573770492 0.17421875
49 0.48616803278688525 0.269140625 0.18954918032786885 0.14140625
2 0.2551229508196721 0.721875 0.3176229508196721 0.33906250000000004
2 0.2551229508196721 0.721875 0.3176229508196721 0.33906250000000004
2 0.2551229508196721 0.721875 0.3176229508196721 0.33906250000000004
2 0.2551229508196721 0.721875 0.3176229508196721 0.33906250000000004
2 0.2551229508196721 0.721875 0.3176229508196721 0.33906250000000004
2 0.2551229508196721 0.721875 0.3176229508196721 0.33906250000000004
2 0.2551229508196721 0.721875 0.3176229508196721 0.33906250000000004
2 0.2551229508196721 0.721875 0.3176229508196721 0.33906250000000004
2 0.2551229508196721 0.721875 0.3176229508196721 0.33906250000000004
2 0.2551229508196721 0.721875 0.3176229508196721 0.33906250000000004
2 0.2551229508196721 0.721875 0.3176229508196721 0.33906250000000004
2 0.2551229508196721 0.721875 0.3176229508196721 0.33906250000000004
