18 0.7366803278688525 0.306640625 0.23155737704918034 0.17578125
43 0.2843237704918033 0.330859375 0.1793032786885246 0.19765625
49 0.4825819672131148 0.76875 0.19672131147540983 0.15000000000000002
18 0.7366803278688525 0.306640625 0.23155737704918034 0.17578125
18 0.7366803278688525 0.306640625 0.23155737704918034 0.17578125
43 0.2843237704918033 0.330859375 0.1793032786885246 0.19765625
43 0.2843237704918033 0.330859375 0.1793032786885246 0.19765625
43 0.2843237704918033 0.330859375 0.1793032786885246 0.19765625
43 0.2843237704918033 0.330859375 0.1793032786885246 0.19765625
43 0.2843237704918033 0.330859375 0.1793032786885246 0.19765625
43 0.2843237704918033 0.330859375 0.1793032786885246 0.19765625
