12 0.7761270491803279 0.7453125 0.41905737704918034 0.1765625
9 0.8114754098360656 0.22617187500000002 0.30122950819672134 0.37890625
6 0.2561475409836066 0.7136718750000001 0.20081967213114754 0.22109375
6 0.2561475409836066 0.7136718750000001 0.20081967213114754 0.22109375
6 0.2561475409836066 0.7136718750000001 0.20081967213114754 0.22109375
6 0.2561475409836066 0.7136718750000001 0.20081967213114754 0.22109375
6 0.2561475409836066 0.7136718750000001 0.20081967213114754 0.22109375
6 0.2561475409836066 0.7136718750000001 0.20081967213114754 0.22109375
12 0.7761270491803279 0.7453125 0.41905737704918034 0.1765625
12 0.7761270491803279 0.7453125 0.41905737704918034 0.1765625
12 0.7761270491803279 0.7453125 0.41905737704918034 0.1765625
