9 0.7602459016393444 0.71640625 0.32581967213114754 0.3671875
45 0.757172131147541 0.229296875 0.21516393442622953 0.15703125
38 0.29354508196721313 0.696484375 0.18135245901639346 0.14765625000000002
24 0.24231557377049182 0.21601562500000002 0.21209016393442623 0.15703125
38 0.29354508196721313 0.696484375 0.18135245901639346 0.14765625000000002
38 0.29354508196721313 0.696484375 0.18135245901639346 0.14765625000000002
38 0.29354508196721313 0.696484375 0.18135245901639346 0.14765625000000002
45 0.757172131147541 0.229296875 0.21516393442622953 0.15703125
45 0.757172131147541 0.229296875 0.21516393442622953 0.15703125
45 0.757172131147541 0.229296875 0.21516393442622953 0.15703125
45 0.757172131147541 0.229296875 0.21516393442622953 0.15703125
45 0.757172131147541 0.229296875 0.21516393442622953 0.15703125
