25 0.7525614754098361 0.23593750000000002 0.2223360655737705 0.36562500000000003
29 0.2540983606557377 0.30781250000000004 0.30942622950819676 0.3921875
31 0.257172131147541 0.745703125 0.2930327868852459 0.22421875000000002
16 0.7920081967213115 0.7253906250000001 0.2520491803278689 0.36796875
16 0.7920081967213115 0.7253906250000001 0.2520491803278689 0.36796875
16 0.7920081967213115 0.7253906250000001 0.2520491803278689 0.36796875
16 0.7920081967213115 0.7253906250000001 0.2520491803278689 0.36796875
16 0.7920081967213115 0.7253906250000001 0.2520491803278689 0.36796875
29 0.2540983606557377 0.30781250000000004 0.30942622950819676 0.3921875
31 0.257172131147541 0.745703125 0.2930327868852459 0.22421875000000002
