42 0.7115778688524591 0.23789062500000002 0.326844262295082 0.23984375000000002
25 0.19723360655737707 0.7113281250000001 0.2899590163934426 0.35546875
65 0.225922131147541 0.2390625 0.2510245901639344 0.3765625
30 0.677766393442623 0.687109375 0.5133196721311476 0.27421875
30 0.677766393442623 0.687109375 0.5133196721311476 0.27421875
30 0.677766393442623 0.687109375 0.5133196721311476 0.27421875
42 0.7115778688524591 0.23789062500000002 0.326844262295082 0.23984375000000002
42 0.7115778688524591 0.23789062500000002 0.326844262295082 0.23984375000000002
65 0.225922131147541 0.2390625 0.2510245901639344 0.3765625
65 0.225922131147541 0.2390625 0.2510245901639344 0.3765625
65 0.225922131147541 0.2390625 0.2510245901639344 0.3765625
