26 0.7551229508196722 0.7640625000000001 0.21721311475409838 0.1203125
6 0.7592213114754098 0.30703125000000003 0.19672131147540983 0.2078125
12 0.2556352459016394 0.27109375 0.4170081967213115 0.1796875
6 0.7592213114754098 0.30703125000000003 0.19672131147540983 0.2078125
6 0.7592213114754098 0.30703125000000003 0.19672131147540983 0.2078125
6 0.7592213114754098 0.30703125000000003 0.19672131147540983 0.2078125
6 0.7592213114754098 0.30703125000000003 0.19672131147540983 0.2078125
6 0.7592213114754098 0.30703125000000003 0.19672131147540983 0.2078125
6 0.7592213114754098 0.30703125000000003 0.19672131147540983 0.2078125
12 0.2556352459016394 0.27109375 0.4170081967213115 0.1796875
12 0.2556352459016394 0.27109375 0.4170081967213115 0.1796875
