49 0.4426229508196722 0.21054687500000002 0.1905737704918033 0.14921875
17 0.2505122950819672 0.5390625 0.326844262295082 0.3171875
14 0.65625 0.701171875 0.2653688524590164 0.20546875
14 0.65625 0.701171875 0.2653688524590164 0.20546875
14 0.65625 0.701171875 0.2653688524590164 0.20546875
14 0.65625 0.701171875 0.2653688524590164 0.20546875
17 0.2505122950819672 0.5390625 0.326844262295082 0.3171875
17 0.2505122950819672 0.5390625 0.326844262295082 0.3171875
17 0.2505122950819672 0.5390625 0.326844262295082 0.3171875
17 0.2505122950819672 0.5390625 0.326844262295082 0.3171875
