2 0.6915983606557378 0.31328125 0.3586065573770492 0.3125
49 0.5343237704918034 0.7265625 0.19364754098360656 0.1421875
40 0.2387295081967213 0.3140625 0.194672131147541 0.1625
2 0.6915983606557378 0.31328125 0.3586065573770492 0.3125
2 0.6915983606557378 0.31328125 0.3586065573770492 0.3125
2 0.6915983606557378 0.31328125 0.3586065573770492 0.3125
2 0.6915983606557378 0.31328125 0.3586065573770492 0.3125
2 0.6915983606557378 0.31328125 0.3586065573770492 0.3125
2 0.6915983606557378 0.31328125 0.3586065573770492 0.3125
2 0.6915983606557378 0.31328125 0.3586065573770492 0.3125
40 0.2387295081967213 0.3140625 0.194672131147541 0.1625
40 0.2387295081967213 0.3140625 0.194672131147541 0.1625
40 0.2387295081967213 0.3140625 0.194672131147541 0.1625
