71 0.7848360655737705 0.28945312500000003 0.18237704918032788 0.13359375
36 0.2858606557377049 0.298828125 0.22336065573770492 0.16796875
24 0.802766393442623 0.7347656250000001 0.2223360655737705 0.16484375
0 0.27510245901639346 0.716015625 0.24487704918032788 0.18984375
24 0.802766393442623 0.7347656250000001 0.2223360655737705 0.16484375
36 0.2858606557377049 0.298828125 0.22336065573770492 0.16796875
36 0.2858606557377049 0.298828125 0.22336065573770492 0.16796875
36 0.2858606557377049 0.298828125 0.22336065573770492 0.16796875
36 0.2858606557377049 0.298828125 0.22336065573770492 0.16796875
71 0.7848360655737705 0.28945312500000003 0.18237704918032788 0.13359375
71 0.7848360655737705 0.28945312500000003 0.18237704918032788 0.13359375
71 0.7848360655737705 0.28945312500000003 0.18237704918032788 0.13359375
71 0.7848360655737705 0.28945312500000003 0.18237704918032788 0.13359375
