63 0.2556352459016394 0.732421875 0.2612704918032787 0.20078125000000002
25 0.725922131147541 0.22421875000000002 0.20799180327868855 0.3828125
35 0.7264344262295083 0.75 0.2418032786885246 0.38593750000000004
23 0.2418032786885246 0.25039062500000003 0.3627049180327869 0.36953125000000003
23 0.2418032786885246 0.25039062500000003 0.3627049180327869 0.36953125000000003
23 0.2418032786885246 0.25039062500000003 0.3627049180327869 0.36953125000000003
35 0.7264344262295083 0.75 0.2418032786885246 0.38593750000000004
35 0.7264344262295083 0.75 0.2418032786885246 0.38593750000000004
35 0.7264344262295083 0.75 0.2418032786885246 0.38593750000000004
35 0.7264344262295083 0.75 0.2418032786885246 0.38593750000000004
63 0.2556352459016394 0.732421875 0.2612704918032787 0.20078125000000002
63 0.2556352459016394 0.732421875 0.2612704918032787 0.20078125000000002
63 0.2556352459016394 0.732421875 0.2612704918032787 0.20078125000000002
