9 0.733094262295082 0.683203125 0.3227459016393443 0.37578125
45 0.7269467213114754 0.226953125 0.21004098360655737 0.15546875000000002
38 0.26280737704918034 0.673828125 0.18545081967213115 0.15078125
24 0.2228483606557377 0.208984375 0.2059426229508197 0.15546875000000002
24 0.2228483606557377 0.208984375 0.2059426229508197 0.15546875000000002
38 0.26280737704918034 0.673828125 0.18545081967213115 0.15078125
38 0.26280737704918034 0.673828125 0.18545081967213115 0.15078125
38 0.26280737704918034 0.673828125 0.18545081967213115 0.15078125
38 0.26280737704918034 0.673828125 0.18545081967213115 0.15078125
45 0.7269467213114754 0.226953125 0.21004098360655737 0.15546875000000002
45 0.7269467213114754 0.226953125 0.21004098360655737 0.15546875000000002
45 0.7269467213114754 0.226953125 0.21004098360655737 0.15546875000000002
45 0.7269467213114754 0.226953125 0.21004098360655737 0.15546875000000002
