25 0.20850409836065575 0.73203125 0.22028688524590165 0.3828125
42 0.6572745901639344 0.23593750000000002 0.3227459016393443 0.23593750000000002
66 0.2525614754098361 0.253515625 0.2264344262295082 0.34453125
23 0.6977459016393442 0.666015625 0.32172131147540983 0.38671875
23 0.6977459016393442 0.666015625 0.32172131147540983 0.38671875
23 0.6977459016393442 0.666015625 0.32172131147540983 0.38671875
42 0.6572745901639344 0.23593750000000002 0.3227459016393443 0.23593750000000002
42 0.6572745901639344 0.23593750000000002 0.3227459016393443 0.23593750000000002
42 0.6572745901639344 0.23593750000000002 0.3227459016393443 0.23593750000000002
66 0.2525614754098361 0.253515625 0.2264344262295082 0.34453125
66 0.2525614754098361 0.253515625 0.2264344262295082 0.34453125
