24 0.22745901639344263 0.20859375000000002 0.21106557377049182 0.15625
45 0.7633196721311476 0.190234375 0.21311475409836067 0.15859375
0 0.2771516393442623 0.72265625 0.24282786885245902 0.178125
13 0.7515368852459017 0.716796875 0.21004098360655737 0.17421875
13 0.7515368852459017 0.716796875 0.21004098360655737 0.17421875
13 0.7515368852459017 0.716796875 0.21004098360655737 0.17421875
13 0.7515368852459017 0.716796875 0.21004098360655737 0.17421875
13 0.7515368852459017 0.716796875 0.21004098360655737 0.17421875
24 0.22745901639344263 0.20859375000000002 0.21106557377049182 0.15625
45 0.7633196721311476 0.190234375 0.21311475409836067 0.15859375
