49 0.4123975409836066 0.21054687500000002 0.18954918032786885 0.14765625000000002
14 0.2566598360655738 0.6199218750000001 0.19979508196721313 0.24140625000000002
59 0.725922131147541 0.6703125000000001 0.36372950819672134 0.14375000000000002
14 0.2566598360655738 0.6199218750000001 0.19979508196721313 0.24140625000000002
14 0.2566598360655738 0.6199218750000001 0.19979508196721313 0.24140625000000002
14 0.2566598360655738 0.6199218750000001 0.19979508196721313 0.24140625000000002
14 0.2566598360655738 0.6199218750000001 0.19979508196721313 0.24140625000000002
14 0.2566598360655738 0.6199218750000001 0.19979508196721313 0.24140625000000002
59 0.725922131147541 0.6703125000000001 0.36372950819672134 0.14375000000000002
59 0.725922131147541 0.6703125000000001 0.36372950819672134 0.14375000000000002
59 0.725922131147541 0.6703125000000001 0.36372950819672134 0.14375000000000002
59 0.725922131147541 0.6703125000000001 0.36372950819672134 0.14375000000000002
