49 0.5010245901639344 0.23984375000000002 0.1864754098360656 0.140625
15 0.740266393442623 0.69140625 0.19569672131147542 0.19843750000000002
7 0.2966188524590164 0.7312500000000001 0.39446721311475413 0.2921875
7 0.2966188524590164 0.7312500000000001 0.39446721311475413 0.2921875
7 0.2966188524590164 0.7312500000000001 0.39446721311475413 0.2921875
7 0.2966188524590164 0.7312500000000001 0.39446721311475413 0.2921875
7 0.2966188524590164 0.7312500000000001 0.39446721311475413 0.2921875
7 0.2966188524590164 0.7312500000000001 0.39446721311475413 0.2921875
7 0.2966188524590164 0.7312500000000001 0.39446721311475413 0.2921875
7 0.2966188524590164 0.7312500000000001 0.39446721311475413 0.2921875
7 0.2966188524590164 0.7312500000000001 0.39446721311475413 0.2921875
