34 0.27459016393442626 0.737890625 0.33606557377049184 0.23046875
26 0.24334016393442623 0.2703125 0.20184426229508198 0.1171875
9 0.771516393442623 0.27578125000000003 0.30327868852459017 0.36875
60 0.7674180327868853 0.7425781250000001 0.2540983606557377 0.18671875000000002
34 0.27459016393442626 0.737890625 0.33606557377049184 0.23046875
34 0.27459016393442626 0.737890625 0.33606557377049184 0.23046875
60 0.7674180327868853 0.7425781250000001 0.2540983606557377 0.18671875000000002
60 0.7674180327868853 0.7425781250000001 0.2540983606557377 0.18671875000000002
60 0.7674180327868853 0.7425781250000001 0.2540983606557377 0.18671875000000002
60 0.7674180327868853 0.7425781250000001 0.2540983606557377 0.18671875000000002
60 0.7674180327868853 0.7425781250000001 0.2540983606557377 0.18671875000000002
60 0.7674180327868853 0.7425781250000001 0.2540983606557377 0.18671875000000002
