9 0.2832991803278689 0.69921875 0.3002049180327869 0.3875
28 0.2617827868852459 0.280859375 0.2797131147540984 0.32109375
6 0.7658811475409837 0.26210937500000003 0.3002049180327869 0.12890625
6 0.7658811475409837 0.26210937500000003 0.3002049180327869 0.12890625
6 0.7658811475409837 0.26210937500000003 0.3002049180327869 0.12890625
6 0.7658811475409837 0.26210937500000003 0.3002049180327869 0.12890625
6 0.7658811475409837 0.26210937500000003 0.3002049180327869 0.12890625
28 0.2617827868852459 0.280859375 0.2797131147540984 0.32109375
28 0.2617827868852459 0.280859375 0.2797131147540984 0.32109375
28 0.2617827868852459 0.280859375 0.2797131147540984 0.32109375
