49 0.45850409836065575 0.20078125000000002 0.19364754098360656 0.146875
19 0.7617827868852459 0.632421875 0.19364754098360656 0.15234375
2 0.2412909836065574 0.6421875 0.46209016393442626 0.2265625
2 0.2412909836065574 0.6421875 0.46209016393442626 0.2265625
2 0.2412909836065574 0.6421875 0.46209016393442626 0.2265625
2 0.2412909836065574 0.6421875 0.46209016393442626 0.2265625
2 0.2412909836065574 0.6421875 0.46209016393442626 0.2265625
2 0.2412909836065574 0.6421875 0.46209016393442626 0.2265625
19 0.7617827868852459 0.632421875 0.19364754098360656 0.15234375
19 0.7617827868852459 0.632421875 0.19364754098360656 0.15234375
19 0.7617827868852459 0.632421875 0.19364754098360656 0.15234375
19 0.7617827868852459 0.632421875 0.19364754098360656 0.15234375
