49 0.5543032786885246 0.757421875 0.19262295081967215 0.15078125
47 0.7085040983606558 0.299609375 0.43135245901639346 0.40703125
17 0.2300204918032787 0.331640625 0.2879098360655738 0.31015625
17 0.2300204918032787 0.331640625 0.2879098360655738 0.31015625
17 0.2300204918032787 0.331640625 0.2879098360655738 0.31015625
17 0.2300204918032787 0.331640625 0.2879098360655738 0.31015625
17 0.2300204918032787 0.331640625 0.2879098360655738 0.31015625
47 0.7085040983606558 0.299609375 0.43135245901639346 0.40703125
47 0.7085040983606558 0.299609375 0.43135245901639346 0.40703125
47 0.7085040983606558 0.299609375 0.43135245901639346 0.40703125
47 0.7085040983606558 0.299609375 0.43135245901639346 0.40703125
47 0.7085040983606558 0.299609375 0.43135245901639346 0.40703125
47 0.7085040983606558 0.299609375 0.43135245901639346 0.40703125
47 0.7085040983606558 0.299609375 0.43135245901639346 0.40703125
47 0.7085040983606558 0.299609375 0.43135245901639346 0.40703125
47 0.7085040983606558 0.299609375 0.43135245901639346 0.40703125
47 0.7085040983606558 0.299609375 0.43135245901639346 0.40703125
