36 0.7279713114754098 0.23398437500000002 0.2223360655737705 0.16484375
24 0.21618852459016394 0.229296875 0.20901639344262296 0.15546875000000002
48 0.7085040983606558 0.655859375 0.2838114754098361 0.37421875000000004
36 0.7279713114754098 0.23398437500000002 0.2223360655737705 0.16484375
36 0.7279713114754098 0.23398437500000002 0.2223360655737705 0.16484375
36 0.7279713114754098 0.23398437500000002 0.2223360655737705 0.16484375
36 0.7279713114754098 0.23398437500000002 0.2223360655737705 0.16484375
48 0.7085040983606558 0.655859375 0.2838114754098361 0.37421875000000004
48 0.7085040983606558 0.655859375 0.2838114754098361 0.37421875000000004
48 0.7085040983606558 0.655859375 0.2838114754098361 0.37421875000000004
48 0.7085040983606558 0.655859375 0.2838114754098361 0.37421875000000004
