25 0.7566598360655739 0.2625 0.23053278688524592 0.3671875
31 0.2843237704918033 0.771484375 0.2920081967213115 0.22421875000000002
35 0.7817622950819673 0.7289062500000001 0.2520491803278689 0.403125
69 0.27817622950819676 0.30976562500000004 0.33094262295081966 0.38515625000000003
35 0.7817622950819673 0.7289062500000001 0.2520491803278689 0.403125
69 0.27817622950819676 0.30976562500000004 0.33094262295081966 0.38515625000000003
69 0.27817622950819676 0.30976562500000004 0.33094262295081966 0.38515625000000003
69 0.27817622950819676 0.30976562500000004 0.33094262295081966 0.38515625000000003
69 0.27817622950819676 0.30976562500000004 0.33094262295081966 0.38515625000000003
69 0.27817622950819676 0.30976562500000004 0.33094262295081966 0.38515625000000003
