9 0.1905737704918033 0.7738281250000001 0.33401639344262296 0.37890625
26 0.7540983606557378 0.751171875 0.21721311475409838 0.10546875
11 0.809938524590164 0.32343750000000004 0.3125 0.22031250000000002
48 0.28125 0.291015625 0.26741803278688525 0.35859375000000004
11 0.809938524590164 0.32343750000000004 0.3125 0.22031250000000002
11 0.809938524590164 0.32343750000000004 0.3125 0.22031250000000002
11 0.809938524590164 0.32343750000000004 0.3125 0.22031250000000002
11 0.809938524590164 0.32343750000000004 0.3125 0.22031250000000002
11 0.809938524590164 0.32343750000000004 0.3125 0.22031250000000002
11 0.809938524590164 0.32343750000000004 0.3125 0.22031250000000002
48 0.28125 0.291015625 0.26741803278688525 0.35859375000000004
48 0.28125 0.291015625 0.26741803278688525 0.35859375000000004
48 0.28125 0.291015625 0.26741803278688525 0.35859375000000004
48 0.28125 0.291015625 0.26741803278688525 0.35859375000000004
