18 0.7996926229508197 0.696484375 0.23463114754098363 0.17421875
61 0.3386270491803279 0.72421875 0.24077868852459017 0.278125
49 0.5040983606557378 0.234765625 0.1864754098360656 0.14296875
18 0.7996926229508197 0.696484375 0.23463114754098363 0.17421875
61 0.3386270491803279 0.72421875 0.24077868852459017 0.278125
61 0.3386270491803279 0.72421875 0.24077868852459017 0.278125
61 0.3386270491803279 0.72421875 0.24077868852459017 0.278125
61 0.3386270491803279 0.72421875 0.24077868852459017 0.278125
61 0.3386270491803279 0.72421875 0.24077868852459017 0.278125
61 0.3386270491803279 0.72421875 0.24077868852459017 0.278125
61 0.3386270491803279 0.72421875 0.24077868852459017 0.278125
61 0.3386270491803279 0.72421875 0.24077868852459017 0.278125
61 0.3386270491803279 0.72421875 0.24077868852459017 0.278125
