0 0.7310450819672132 0.2 0.23258196721311478 0.1765625
55 0.27356557377049184 0.66328125 0.22336065573770492 0.2859375
27 0.7341188524590164 0.690625 0.2387295081967213 0.1125
27 0.7341188524590164 0.690625 0.2387295081967213 0.1125
27 0.7341188524590164 0.690625 0.2387295081967213 0.1125
27 0.7341188524590164 0.690625 0.2387295081967213 0.1125
27 0.7341188524590164 0.690625 0.2387295081967213 0.1125
27 0.7341188524590164 0.690625 0.2387295081967213 0.1125
27 0.7341188524590164 0.690625 0.2387295081967213 0.1125
27 0.7341188524590164 0.690625 0.2387295081967213 0.1125
27 0.7341188524590164 0.690625 0.2387295081967213 0.1125
27 0.7341188524590164 0.690625 0.2387295081967213 0.1125
55 0.27356557377049184 0.66328125 0.22336065573770492 0.2859375
55 0.27356557377049184 0.66328125 0.22336065573770492 0.2859375
