8 0.23206967213114754 0.26601562500000003 0.4211065573770492 0.34140625
31 0.2494877049180328 0.7332031250000001 0.2858606557377049 0.21796875000000002
25 0.7694672131147542 0.211328125 0.2561475409836066 0.36953125000000003
16 0.7771516393442623 0.71484375 0.24077868852459017 0.35468750000000004
8 0.23206967213114754 0.26601562500000003 0.4211065573770492 0.34140625
16 0.7771516393442623 0.71484375 0.24077868852459017 0.35468750000000004
16 0.7771516393442623 0.71484375 0.24077868852459017 0.35468750000000004
16 0.7771516393442623 0.71484375 0.24077868852459017 0.35468750000000004
16 0.7771516393442623 0.71484375 0.24077868852459017 0.35468750000000004
31 0.2494877049180328 0.7332031250000001 0.2858606557377049 0.21796875000000002
