24 0.2412909836065574 0.221484375 0.20799180327868855 0.15703125
27 0.7341188524590164 0.6898437500000001 0.23463114754098363 0.11406250000000001
9 0.7346311475409837 0.27734375 0.4139344262295082 0.29375
55 0.27407786885245905 0.663671875 0.22438524590163936 0.28671875
27 0.7341188524590164 0.6898437500000001 0.23463114754098363 0.11406250000000001
27 0.7341188524590164 0.6898437500000001 0.23463114754098363 0.11406250000000001
27 0.7341188524590164 0.6898437500000001 0.23463114754098363 0.11406250000000001
27 0.7341188524590164 0.6898437500000001 0.23463114754098363 0.11406250000000001
27 0.7341188524590164 0.6898437500000001 0.23463114754098363 0.11406250000000001
27 0.7341188524590164 0.6898437500000001 0.23463114754098363 0.11406250000000001
27 0.7341188524590164 0.6898437500000001 0.23463114754098363 0.11406250000000001
27 0.7341188524590164 0.6898437500000001 0.23463114754098363 0.11406250000000001
