49 0.45338114754098363 0.189453125 0.1875 0.14765625000000002
40 0.27868852459016397 0.655859375 0.20901639344262296 0.16171875000000002
39 0.7115778688524591 0.66328125 0.21209016393442623 0.16718750000000002
39 0.7115778688524591 0.66328125 0.21209016393442623 0.16718750000000002
39 0.7115778688524591 0.66328125 0.21209016393442623 0.16718750000000002
39 0.7115778688524591 0.66328125 0.21209016393442623 0.16718750000000002
39 0.7115778688524591 0.66328125 0.21209016393442623 0.16718750000000002
39 0.7115778688524591 0.66328125 0.21209016393442623 0.16718750000000002
39 0.7115778688524591 0.66328125 0.21209016393442623 0.16718750000000002
40 0.27868852459016397 0.655859375 0.20901639344262296 0.16171875000000002
40 0.27868852459016397 0.655859375 0.20901639344262296 0.16171875000000002
40 0.27868852459016397 0.655859375 0.20901639344262296 0.16171875000000002
