24 0.27049180327868855 0.23125 0.21311475409836067 0.15625
38 0.7315573770491803 0.719921875 0.21516393442622953 0.11953125
71 0.23053278688524592 0.737890625 0.18032786885245902 0.13984375000000002
0 0.75 0.26328125 0.24385245901639346 0.1765625
24 0.27049180327868855 0.23125 0.21311475409836067 0.15625
24 0.27049180327868855 0.23125 0.21311475409836067 0.15625
38 0.7315573770491803 0.719921875 0.21516393442622953 0.11953125
38 0.7315573770491803 0.719921875 0.21516393442622953 0.11953125
38 0.7315573770491803 0.719921875 0.21516393442622953 0.11953125
71 0.23053278688524592 0.737890625 0.18032786885245902 0.13984375000000002
71 0.23053278688524592 0.737890625 0.18032786885245902 0.13984375000000002
71 0.23053278688524592 0.737890625 0.18032786885245902 0.13984375000000002
