7 0.27459016393442626 0.36250000000000004 0.389344262295082 0.28750000000000003
49 0.552766393442623 0.7527343750000001 0.19569672131147542 0.15078125
47 0.7069672131147542 0.298828125 0.42827868852459017 0.41171875
7 0.27459016393442626 0.36250000000000004 0.389344262295082 0.28750000000000003
7 0.27459016393442626 0.36250000000000004 0.389344262295082 0.28750000000000003
7 0.27459016393442626 0.36250000000000004 0.389344262295082 0.28750000000000003
47 0.7069672131147542 0.298828125 0.42827868852459017 0.41171875
47 0.7069672131147542 0.298828125 0.42827868852459017 0.41171875
47 0.7069672131147542 0.298828125 0.42827868852459017 0.41171875
47 0.7069672131147542 0.298828125 0.42827868852459017 0.41171875
