49 0.5286885245901639 0.732421875 0.194672131147541 0.14765625000000002
57 0.6941598360655739 0.34023437500000003 0.26946721311475413 0.26328125
72 0.27356557377049184 0.280859375 0.2336065573770492 0.17421875
57 0.6941598360655739 0.34023437500000003 0.26946721311475413 0.26328125
57 0.6941598360655739 0.34023437500000003 0.26946721311475413 0.26328125
57 0.6941598360655739 0.34023437500000003 0.26946721311475413 0.26328125
57 0.6941598360655739 0.34023437500000003 0.26946721311475413 0.26328125
72 0.27356557377049184 0.280859375 0.2336065573770492 0.17421875
72 0.27356557377049184 0.280859375 0.2336065573770492 0.17421875
72 0.27356557377049184 0.280859375 0.2336065573770492 0.17421875
