25 0.2105532786885246 0.7109375 0.24692622950819673 0.3671875
66 0.1951844262295082 0.25 0.2264344262295082 0.34218750000000003
29 0.7305327868852459 0.6160156250000001 0.31352459016393447 0.39296875000000003
63 0.7105532786885246 0.24609375 0.2530737704918033 0.2015625
29 0.7305327868852459 0.6160156250000001 0.31352459016393447 0.39296875000000003
29 0.7305327868852459 0.6160156250000001 0.31352459016393447 0.39296875000000003
29 0.7305327868852459 0.6160156250000001 0.31352459016393447 0.39296875000000003
63 0.7105532786885246 0.24609375 0.2530737704918033 0.2015625
63 0.7105532786885246 0.24609375 0.2530737704918033 0.2015625
63 0.7105532786885246 0.24609375 0.2530737704918033 0.2015625
66 0.1951844262295082 0.25 0.2264344262295082 0.34218750000000003
66 0.1951844262295082 0.25 0.2264344262295082 0.34218750000000003
66 0.1951844262295082 0.25 0.2264344262295082 0.34218750000000003
