9 0.26331967213114754 0.745703125 0.30122950819672134 0.39296875000000003
53 0.26331967213114754 0.28671875 0.1864754098360656 0.140625
24 0.8002049180327869 0.7289062500000001 0.2213114754098361 0.16562500000000002
53 0.26331967213114754 0.28671875 0.1864754098360656 0.140625
53 0.26331967213114754 0.28671875 0.1864754098360656 0.140625
53 0.26331967213114754 0.28671875 0.1864754098360656 0.140625
53 0.26331967213114754 0.28671875 0.1864754098360656 0.140625
53 0.26331967213114754 0.28671875 0.1864754098360656 0.140625
53 0.26331967213114754 0.28671875 0.1864754098360656 0.140625
53 0.26331967213114754 0.28671875 0.1864754098360656 0.140625
53 0.26331967213114754 0.28671875 0.1864754098360656 0.140625
