49 0.5317622950819673 0.767578125 0.19672131147540983 0.14921875
21 0.747438524590164 0.340625 0.3473360655737705 0.2484375
41 0.3084016393442623 0.3671875 0.3176229508196721 0.2859375
21 0.747438524590164 0.340625 0.3473360655737705 0.2484375
21 0.747438524590164 0.340625 0.3473360655737705 0.2484375
21 0.747438524590164 0.340625 0.3473360655737705 0.2484375
21 0.747438524590164 0.340625 0.3473360655737705 0.2484375
21 0.747438524590164 0.340625 0.3473360655737705 0.2484375
21 0.747438524590164 0.340625 0.3473360655737705 0.2484375
21 0.747438524590164 0.340625 0.3473360655737705 0.2484375
21 0.747438524590164 0.340625 0.3473360655737705 0.2484375
21 0.747438524590164 0.340625 0.3473360655737705 0.2484375
21 0.747438524590164 0.340625 0.3473360655737705 0.2484375
21 0.747438524590164 0.340625 0.3473360655737705 0.2484375
