26 0.24538934426229508 0.259375 0.18545081967213115 0.140625
0 0.7510245901639344 0.25703125 0.23975409836065575 0.1765625
10 0.22694672131147542 0.7035156250000001 0.19979508196721313 0.14453125
12 0.6880122950819673 0.7195312500000001 0.4334016393442623 0.171875
10 0.22694672131147542 0.7035156250000001 0.19979508196721313 0.14453125
10 0.22694672131147542 0.7035156250000001 0.19979508196721313 0.14453125
10 0.22694672131147542 0.7035156250000001 0.19979508196721313 0.14453125
10 0.22694672131147542 0.7035156250000001 0.19979508196721313 0.14453125
10 0.22694672131147542 0.7035156250000001 0.19979508196721313 0.14453125
12 0.6880122950819673 0.7195312500000001 0.4334016393442623 0.171875
12 0.6880122950819673 0.7195312500000001 0.4334016393442623 0.171875
12 0.6880122950819673 0.7195312500000001 0.4334016393442623 0.171875
12 0.6880122950819673 0.7195312500000001 0.4334016393442623 0.171875
