25 0.7412909836065574 0.26796875000000003 0.29815573770491804 0.3453125
16 0.7853483606557378 0.7250000000000001 0.2510245901639344 0.3484375
69 0.24641393442622953 0.228515625 0.35758196721311475 0.36328125
63 0.2561475409836066 0.7410156250000001 0.2602459016393443 0.19765625
16 0.7853483606557378 0.7250000000000001 0.2510245901639344 0.3484375
16 0.7853483606557378 0.7250000000000001 0.2510245901639344 0.3484375
16 0.7853483606557378 0.7250000000000001 0.2510245901639344 0.3484375
63 0.2561475409836066 0.7410156250000001 0.2602459016393443 0.19765625
69 0.24641393442622953 0.228515625 0.35758196721311475 0.36328125
69 0.24641393442622953 0.228515625 0.35758196721311475 0.36328125
