25 0.2105532786885246 0.7109375 0.24692622950819673 0.3640625
63 0.7105532786885246 0.24570312500000002 0.2530737704918033 0.20078125000000002
66 0.19364754098360656 0.25 0.22336065573770492 0.3453125
63 0.7105532786885246 0.24570312500000002 0.2530737704918033 0.20078125000000002
63 0.7105532786885246 0.24570312500000002 0.2530737704918033 0.20078125000000002
63 0.7105532786885246 0.24570312500000002 0.2530737704918033 0.20078125000000002
66 0.19364754098360656 0.25 0.22336065573770492 0.3453125
66 0.19364754098360656 0.25 0.22336065573770492 0.3453125
66 0.19364754098360656 0.25 0.22336065573770492 0.3453125
66 0.19364754098360656 0.25 0.22336065573770492 0.3453125
66 0.19364754098360656 0.25 0.22336065573770492 0.3453125
