0 0.2776639344262295 0.280859375 0.375 0.16328125000000002
33 0.7587090163934427 0.31875000000000003 0.16086065573770492 0.1171875
34 0.2776639344262295 0.280859375 0.375 0.16328125000000002
26 0.764344262295082 0.733984375 0.21311475409836067 0.13046875
33 0.7587090163934427 0.31875000000000003 0.16086065573770492 0.1171875
33 0.7587090163934427 0.31875000000000003 0.16086065573770492 0.1171875
33 0.7587090163934427 0.31875000000000003 0.16086065573770492 0.1171875
33 0.7587090163934427 0.31875000000000003 0.16086065573770492 0.1171875
33 0.7587090163934427 0.31875000000000003 0.16086065573770492 0.1171875
34 0.2776639344262295 0.280859375 0.375 0.16328125000000002
