18 0.2561475409836066 0.7214843750000001 0.23155737704918034 0.17421875
43 0.725922131147541 0.6980468750000001 0.18135245901639346 0.20234375000000002
49 0.5174180327868853 0.23789062500000002 0.1864754098360656 0.14296875
18 0.2561475409836066 0.7214843750000001 0.23155737704918034 0.17421875
18 0.2561475409836066 0.7214843750000001 0.23155737704918034 0.17421875
18 0.2561475409836066 0.7214843750000001 0.23155737704918034 0.17421875
43 0.725922131147541 0.6980468750000001 0.18135245901639346 0.20234375000000002
43 0.725922131147541 0.6980468750000001 0.18135245901639346 0.20234375000000002
43 0.725922131147541 0.6980468750000001 0.18135245901639346 0.20234375000000002
43 0.725922131147541 0.6980468750000001 0.18135245901639346 0.20234375000000002
43 0.725922131147541 0.6980468750000001 0.18135245901639346 0.20234375000000002
