45 0.2587090163934426 0.759765625 0.2182377049180328 0.16484375
9 0.7873975409836066 0.36445312500000004 0.3125 0.35234375
56 0.3206967213114754 0.2609375 0.33196721311475413 0.125
24 0.7453893442622951 0.761328125 0.2223360655737705 0.16640625
45 0.2587090163934426 0.759765625 0.2182377049180328 0.16484375
45 0.2587090163934426 0.759765625 0.2182377049180328 0.16484375
45 0.2587090163934426 0.759765625 0.2182377049180328 0.16484375
56 0.3206967213114754 0.2609375 0.33196721311475413 0.125
56 0.3206967213114754 0.2609375 0.33196721311475413 0.125
56 0.3206967213114754 0.2609375 0.33196721311475413 0.125
56 0.3206967213114754 0.2609375 0.33196721311475413 0.125
56 0.3206967213114754 0.2609375 0.33196721311475413 0.125
56 0.3206967213114754 0.2609375 0.33196721311475413 0.125
56 0.3206967213114754 0.2609375 0.33196721311475413 0.125
56 0.3206967213114754 0.2609375 0.33196721311475413 0.125
56 0.3206967213114754 0.2609375 0.33196721311475413 0.125
