45 0.7617827868852459 0.199609375 0.21413934426229508 0.15703125
0 0.22694672131147542 0.71015625 0.24077868852459017 0.1765625
24 0.3109631147540984 0.240625 0.21004098360655737 0.15625
27 0.7448770491803279 0.734375 0.17008196721311478 0.16562500000000002
24 0.3109631147540984 0.240625 0.21004098360655737 0.15625
24 0.3109631147540984 0.240625 0.21004098360655737 0.15625
27 0.7448770491803279 0.734375 0.17008196721311478 0.16562500000000002
27 0.7448770491803279 0.734375 0.17008196721311478 0.16562500000000002
27 0.7448770491803279 0.734375 0.17008196721311478 0.16562500000000002
27 0.7448770491803279 0.734375 0.17008196721311478 0.16562500000000002
27 0.7448770491803279 0.734375 0.17008196721311478 0.16562500000000002
27 0.7448770491803279 0.734375 0.17008196721311478 0.16562500000000002
45 0.7617827868852459 0.199609375 0.21413934426229508 0.15703125
45 0.7617827868852459 0.199609375 0.21413934426229508 0.15703125
45 0.7617827868852459 0.199609375 0.21413934426229508 0.15703125
