25 0.75 0.212890625 0.2069672131147541 0.37734375000000003
42 0.30071721311475413 0.75 0.33709016393442626 0.246875
8 0.24692622950819673 0.283984375 0.3114754098360656 0.39921875
66 0.71875 0.7250000000000001 0.23258196721311478 0.353125
8 0.24692622950819673 0.283984375 0.3114754098360656 0.39921875
8 0.24692622950819673 0.283984375 0.3114754098360656 0.39921875
8 0.24692622950819673 0.283984375 0.3114754098360656 0.39921875
8 0.24692622950819673 0.283984375 0.3114754098360656 0.39921875
42 0.30071721311475413 0.75 0.33709016393442626 0.246875
42 0.30071721311475413 0.75 0.33709016393442626 0.246875
66 0.71875 0.7250000000000001 0.23258196721311478 0.353125
