49 0.4779713114754099 0.2265625 0.18545081967213115 0.14375000000000002
7 0.27356557377049184 0.564453125 0.32172131147540983 0.33515625000000004
14 0.6936475409836066 0.59609375 0.19672131147540983 0.23593750000000002
7 0.27356557377049184 0.564453125 0.32172131147540983 0.33515625000000004
7 0.27356557377049184 0.564453125 0.32172131147540983 0.33515625000000004
7 0.27356557377049184 0.564453125 0.32172131147540983 0.33515625000000004
14 0.6936475409836066 0.59609375 0.19672131147540983 0.23593750000000002
14 0.6936475409836066 0.59609375 0.19672131147540983 0.23593750000000002
14 0.6936475409836066 0.59609375 0.19672131147540983 0.23593750000000002
14 0.6936475409836066 0.59609375 0.19672131147540983 0.23593750000000002
14 0.6936475409836066 0.59609375 0.19672131147540983 0.23593750000000002
