24 0.2336065573770492 0.22109375 0.20901639344262296 0.15625
36 0.7264344262295083 0.7046875 0.23155737704918034 0.17343750000000002
55 0.27151639344262296 0.6628906250000001 0.22540983606557377 0.28515625
9 0.7551229508196722 0.253125 0.4057377049180328 0.30781250000000004
36 0.7264344262295083 0.7046875 0.23155737704918034 0.17343750000000002
36 0.7264344262295083 0.7046875 0.23155737704918034 0.17343750000000002
55 0.27151639344262296 0.6628906250000001 0.22540983606557377 0.28515625
55 0.27151639344262296 0.6628906250000001 0.22540983606557377 0.28515625
55 0.27151639344262296 0.6628906250000001 0.22540983606557377 0.28515625
55 0.27151639344262296 0.6628906250000001 0.22540983606557377 0.28515625
