49 0.5158811475409837 0.74375 0.19364754098360656 0.1484375
21 0.7669057377049181 0.34023437500000003 0.3493852459016394 0.24609375
19 0.26844262295081966 0.31484375000000003 0.19262295081967215 0.1484375
19 0.26844262295081966 0.31484375000000003 0.19262295081967215 0.1484375
19 0.26844262295081966 0.31484375000000003 0.19262295081967215 0.1484375
19 0.26844262295081966 0.31484375000000003 0.19262295081967215 0.1484375
21 0.7669057377049181 0.34023437500000003 0.3493852459016394 0.24609375
21 0.7669057377049181 0.34023437500000003 0.3493852459016394 0.24609375
21 0.7669057377049181 0.34023437500000003 0.3493852459016394 0.24609375
21 0.7669057377049181 0.34023437500000003 0.3493852459016394 0.24609375
21 0.7669057377049181 0.34023437500000003 0.3493852459016394 0.24609375
