3 0.747438524590164 0.72421875 0.29405737704918034 0.1296875
64 0.7628073770491803 0.233203125 0.24487704918032788 0.18203125
50 0.2607581967213115 0.242578125 0.42315573770491804 0.39609375
32 0.2105532786885246 0.7468750000000001 0.22848360655737707 0.1625
32 0.2105532786885246 0.7468750000000001 0.22848360655737707 0.1625
32 0.2105532786885246 0.7468750000000001 0.22848360655737707 0.1625
50 0.2607581967213115 0.242578125 0.42315573770491804 0.39609375
50 0.2607581967213115 0.242578125 0.42315573770491804 0.39609375
50 0.2607581967213115 0.242578125 0.42315573770491804 0.39609375
64 0.7628073770491803 0.233203125 0.24487704918032788 0.18203125
