49 0.4287909836065574 0.18281250000000002 0.18954918032786885 0.15000000000000002
19 0.7351434426229508 0.6605468750000001 0.1915983606557377 0.15078125
7 0.22797131147540986 0.615234375 0.2920081967213115 0.34609375000000003
7 0.22797131147540986 0.615234375 0.2920081967213115 0.34609375000000003
7 0.22797131147540986 0.615234375 0.2920081967213115 0.34609375000000003
7 0.22797131147540986 0.615234375 0.2920081967213115 0.34609375000000003
7 0.22797131147540986 0.615234375 0.2920081967213115 0.34609375000000003
7 0.22797131147540986 0.615234375 0.2920081967213115 0.34609375000000003
7 0.22797131147540986 0.615234375 0.2920081967213115 0.34609375000000003
19 0.7351434426229508 0.6605468750000001 0.1915983606557377 0.15078125
19 0.7351434426229508 0.6605468750000001 0.1915983606557377 0.15078125
