49 0.5056352459016393 0.7722656250000001 0.19364754098360656 0.14921875
40 0.6757172131147541 0.308203125 0.2059426229508197 0.15390625000000002
39 0.2556352459016394 0.306640625 0.21209016393442623 0.16171875000000002
39 0.2556352459016394 0.306640625 0.21209016393442623 0.16171875000000002
39 0.2556352459016394 0.306640625 0.21209016393442623 0.16171875000000002
39 0.2556352459016394 0.306640625 0.21209016393442623 0.16171875000000002
40 0.6757172131147541 0.308203125 0.2059426229508197 0.15390625000000002
40 0.6757172131147541 0.308203125 0.2059426229508197 0.15390625000000002
40 0.6757172131147541 0.308203125 0.2059426229508197 0.15390625000000002
40 0.6757172131147541 0.308203125 0.2059426229508197 0.15390625000000002
40 0.6757172131147541 0.308203125 0.2059426229508197 0.15390625000000002
40 0.6757172131147541 0.308203125 0.2059426229508197 0.15390625000000002
40 0.6757172131147541 0.308203125 0.2059426229508197 0.15390625000000002
