36 0.7279713114754098 0.234765625 0.2223360655737705 0.16484375
24 0.21721311475409838 0.22968750000000002 0.20901639344262296 0.15625
9 0.2064549180327869 0.6468750000000001 0.2858606557377049 0.3875
48 0.7074795081967213 0.65625 0.2899590163934426 0.37343750000000003
24 0.21721311475409838 0.22968750000000002 0.20901639344262296 0.15625
36 0.7279713114754098 0.234765625 0.2223360655737705 0.16484375
36 0.7279713114754098 0.234765625 0.2223360655737705 0.16484375
36 0.7279713114754098 0.234765625 0.2223360655737705 0.16484375
48 0.7074795081967213 0.65625 0.2899590163934426 0.37343750000000003
48 0.7074795081967213 0.65625 0.2899590163934426 0.37343750000000003
48 0.7074795081967213 0.65625 0.2899590163934426 0.37343750000000003
