26 0.7689549180327869 0.712890625 0.13422131147540983 0.16484375
28 0.2617827868852459 0.283203125 0.2838114754098361 0.32109375
0 0.2505122950819672 0.728515625 0.24487704918032788 0.18671875000000002
6 0.7658811475409837 0.26210937500000003 0.3002049180327869 0.13046875
6 0.7658811475409837 0.26210937500000003 0.3002049180327869 0.13046875
6 0.7658811475409837 0.26210937500000003 0.3002049180327869 0.13046875
6 0.7658811475409837 0.26210937500000003 0.3002049180327869 0.13046875
28 0.2617827868852459 0.283203125 0.2838114754098361 0.32109375
28 0.2617827868852459 0.283203125 0.2838114754098361 0.32109375
28 0.2617827868852459 0.283203125 0.2838114754098361 0.32109375
