0 0.25973360655737704 0.675 0.24282786885245902 0.18125000000000002
36 0.7325819672131147 0.23398437500000002 0.22745901639344263 0.16484375
24 0.2177254098360656 0.25234375000000003 0.20799180327868855 0.153125
34 0.7397540983606558 0.6839843750000001 0.3790983606557377 0.17734375000000002
24 0.2177254098360656 0.25234375000000003 0.20799180327868855 0.153125
34 0.7397540983606558 0.6839843750000001 0.3790983606557377 0.17734375000000002
34 0.7397540983606558 0.6839843750000001 0.3790983606557377 0.17734375000000002
34 0.7397540983606558 0.6839843750000001 0.3790983606557377 0.17734375000000002
36 0.7325819672131147 0.23398437500000002 0.22745901639344263 0.16484375
36 0.7325819672131147 0.23398437500000002 0.22745901639344263 0.16484375
36 0.7325819672131147 0.23398437500000002 0.22745901639344263 0.16484375
