26 0.24385245901639346 0.22968750000000002 0.20491803278688525 0.1171875
12 0.7505122950819673 0.7191406250000001 0.43135245901639346 0.18046875
9 0.7745901639344263 0.21484375 0.2848360655737705 0.36250000000000004
6 0.2223360655737705 0.6878906250000001 0.20081967213114754 0.22265625
6 0.2223360655737705 0.6878906250000001 0.20081967213114754 0.22265625
6 0.2223360655737705 0.6878906250000001 0.20081967213114754 0.22265625
6 0.2223360655737705 0.6878906250000001 0.20081967213114754 0.22265625
12 0.7505122950819673 0.7191406250000001 0.43135245901639346 0.18046875
12 0.7505122950819673 0.7191406250000001 0.43135245901639346 0.18046875
12 0.7505122950819673 0.7191406250000001 0.43135245901639346 0.18046875
12 0.7505122950819673 0.7191406250000001 0.43135245901639346 0.18046875
12 0.7505122950819673 0.7191406250000001 0.43135245901639346 0.18046875
12 0.7505122950819673 0.7191406250000001 0.43135245901639346 0.18046875
