42 0.6572745901639344 0.23515625 0.3206967213114754 0.23593750000000002
69 0.6711065573770492 0.69296875 0.3422131147540984 0.38125000000000003
66 0.2510245901639344 0.253125 0.22336065573770492 0.3453125
42 0.6572745901639344 0.23515625 0.3206967213114754 0.23593750000000002
42 0.6572745901639344 0.23515625 0.3206967213114754 0.23593750000000002
66 0.2510245901639344 0.253125 0.22336065573770492 0.3453125
66 0.2510245901639344 0.253125 0.22336065573770492 0.3453125
66 0.2510245901639344 0.253125 0.22336065573770492 0.3453125
66 0.2510245901639344 0.253125 0.22336065573770492 0.3453125
69 0.6711065573770492 0.69296875 0.3422131147540984 0.38125000000000003
