60 0.225922131147541 0.234375 0.2653688524590164 0.1765625
26 0.7315573770491803 0.7562500000000001 0.21516393442622953 0.1078125
71 0.22028688524590165 0.7453125 0.18442622950819673 0.1390625
60 0.225922131147541 0.234375 0.2653688524590164 0.1765625
60 0.225922131147541 0.234375 0.2653688524590164 0.1765625
60 0.225922131147541 0.234375 0.2653688524590164 0.1765625
60 0.225922131147541 0.234375 0.2653688524590164 0.1765625
60 0.225922131147541 0.234375 0.2653688524590164 0.1765625
71 0.22028688524590165 0.7453125 0.18442622950819673 0.1390625
71 0.22028688524590165 0.7453125 0.18442622950819673 0.1390625
