26 0.7540983606557378 0.749609375 0.21516393442622953 0.10390625
9 0.24077868852459017 0.758984375 0.42213114754098363 0.32734375000000004
48 0.28125 0.28984375 0.26331967213114754 0.35625
6 0.7428278688524591 0.321875 0.18237704918032788 0.215625
6 0.7428278688524591 0.321875 0.18237704918032788 0.215625
6 0.7428278688524591 0.321875 0.18237704918032788 0.215625
6 0.7428278688524591 0.321875 0.18237704918032788 0.215625
6 0.7428278688524591 0.321875 0.18237704918032788 0.215625
6 0.7428278688524591 0.321875 0.18237704918032788 0.215625
6 0.7428278688524591 0.321875 0.18237704918032788 0.215625
48 0.28125 0.28984375 0.26331967213114754 0.35625
48 0.28125 0.28984375 0.26331967213114754 0.35625
48 0.28125 0.28984375 0.26331967213114754 0.35625
