24 0.7720286885245902 0.7683593750000001 0.2223360655737705 0.16796875
9 0.2556352459016394 0.3328125 0.29405737704918034 0.36562500000000003
45 0.21721311475409838 0.790234375 0.2213114754098361 0.16484375
36 0.7704918032786886 0.287890625 0.22336065573770492 0.16640625
24 0.7720286885245902 0.7683593750000001 0.2223360655737705 0.16796875
24 0.7720286885245902 0.7683593750000001 0.2223360655737705 0.16796875
36 0.7704918032786886 0.287890625 0.22336065573770492 0.16640625
36 0.7704918032786886 0.287890625 0.22336065573770492 0.16640625
45 0.21721311475409838 0.790234375 0.2213114754098361 0.16484375
45 0.21721311475409838 0.790234375 0.2213114754098361 0.16484375
45 0.21721311475409838 0.790234375 0.2213114754098361 0.16484375
