49 0.42366803278688525 0.207421875 0.18954918032786885 0.14609375
43 0.6844262295081968 0.6292968750000001 0.18442622950819673 0.21015625000000002
15 0.2899590163934426 0.626953125 0.21721311475409838 0.18984375
15 0.2899590163934426 0.626953125 0.21721311475409838 0.18984375
15 0.2899590163934426 0.626953125 0.21721311475409838 0.18984375
43 0.6844262295081968 0.6292968750000001 0.18442622950819673 0.21015625000000002
43 0.6844262295081968 0.6292968750000001 0.18442622950819673 0.21015625000000002
43 0.6844262295081968 0.6292968750000001 0.18442622950819673 0.21015625000000002
43 0.6844262295081968 0.6292968750000001 0.18442622950819673 0.21015625000000002
43 0.6844262295081968 0.6292968750000001 0.18442622950819673 0.21015625000000002
43 0.6844262295081968 0.6292968750000001 0.18442622950819673 0.21015625000000002
43 0.6844262295081968 0.6292968750000001 0.18442622950819673 0.21015625000000002
43 0.6844262295081968 0.6292968750000001 0.18442622950819673 0.21015625000000002
