62 0.7120901639344263 0.6960937500000001 0.14139344262295084 0.109375
9 0.2489754098360656 0.571484375 0.29918032786885246 0.37734375000000003
45 0.7192622950819673 0.19257812500000002 0.20901639344262296 0.15703125
24 0.2494877049180328 0.21210937500000002 0.2059426229508197 0.15546875000000002
24 0.2494877049180328 0.21210937500000002 0.2059426229508197 0.15546875000000002
45 0.7192622950819673 0.19257812500000002 0.20901639344262296 0.15703125
45 0.7192622950819673 0.19257812500000002 0.20901639344262296 0.15703125
62 0.7120901639344263 0.6960937500000001 0.14139344262295084 0.109375
62 0.7120901639344263 0.6960937500000001 0.14139344262295084 0.109375
62 0.7120901639344263 0.6960937500000001 0.14139344262295084 0.109375
62 0.7120901639344263 0.6960937500000001 0.14139344262295084 0.109375
62 0.7120901639344263 0.6960937500000001 0.14139344262295084 0.109375
