9 0.288422131147541 0.7347656250000001 0.37602459016393447 0.36171875000000003
26 0.7679303278688525 0.7125 0.13217213114754098 0.1625
11 0.78125 0.307421875 0.3043032786885246 0.22890625
28 0.27817622950819676 0.286328125 0.3165983606557377 0.31484375000000003
11 0.78125 0.307421875 0.3043032786885246 0.22890625
11 0.78125 0.307421875 0.3043032786885246 0.22890625
11 0.78125 0.307421875 0.3043032786885246 0.22890625
28 0.27817622950819676 0.286328125 0.3165983606557377 0.31484375000000003
28 0.27817622950819676 0.286328125 0.3165983606557377 0.31484375000000003
28 0.27817622950819676 0.286328125 0.3165983606557377 0.31484375000000003
