12 0.2520491803278689 0.714453125 0.43442622950819676 0.17421875
44 0.7074795081967213 0.7132812500000001 0.22028688524590165 0.15937500000000002
9 0.7879098360655739 0.203125 0.2930327868852459 0.36250000000000004
12 0.2520491803278689 0.714453125 0.43442622950819676 0.17421875
12 0.2520491803278689 0.714453125 0.43442622950819676 0.17421875
12 0.2520491803278689 0.714453125 0.43442622950819676 0.17421875
44 0.7074795081967213 0.7132812500000001 0.22028688524590165 0.15937500000000002
44 0.7074795081967213 0.7132812500000001 0.22028688524590165 0.15937500000000002
44 0.7074795081967213 0.7132812500000001 0.22028688524590165 0.15937500000000002
44 0.7074795081967213 0.7132812500000001 0.22028688524590165 0.15937500000000002
44 0.7074795081967213 0.7132812500000001 0.22028688524590165 0.15937500000000002
44 0.7074795081967213 0.7132812500000001 0.22028688524590165 0.15937500000000002
