55 0.7059426229508197 0.31289062500000003 0.21721311475409838 0.26171875
24 0.7838114754098361 0.7839843750000001 0.2213114754098361 0.16796875
62 0.2889344262295082 0.28046875 0.13934426229508198 0.1078125
0 0.2505122950819672 0.7996093750000001 0.2489754098360656 0.18828125
55 0.7059426229508197 0.31289062500000003 0.21721311475409838 0.26171875
55 0.7059426229508197 0.31289062500000003 0.21721311475409838 0.26171875
55 0.7059426229508197 0.31289062500000003 0.21721311475409838 0.26171875
62 0.2889344262295082 0.28046875 0.13934426229508198 0.1078125
62 0.2889344262295082 0.28046875 0.13934426229508198 0.1078125
62 0.2889344262295082 0.28046875 0.13934426229508198 0.1078125
62 0.2889344262295082 0.28046875 0.13934426229508198 0.1078125
62 0.2889344262295082 0.28046875 0.13934426229508198 0.1078125
62 0.2889344262295082 0.28046875 0.13934426229508198 0.1078125
62 0.2889344262295082 0.28046875 0.13934426229508198 0.1078125
62 0.2889344262295082 0.28046875 0.13934426229508198 0.1078125
