30 0.7274590163934427 0.6878906250000001 0.27459016393442626 0.42421875000000003
22 0.23309426229508198 0.23515625 0.25922131147540983 0.3125
63 0.6762295081967213 0.236328125 0.2520491803278689 0.19609375
22 0.23309426229508198 0.23515625 0.25922131147540983 0.3125
22 0.23309426229508198 0.23515625 0.25922131147540983 0.3125
22 0.23309426229508198 0.23515625 0.25922131147540983 0.3125
22 0.23309426229508198 0.23515625 0.25922131147540983 0.3125
22 0.23309426229508198 0.23515625 0.25922131147540983 0.3125
30 0.7274590163934427 0.6878906250000001 0.27459016393442626 0.42421875000000003
30 0.7274590163934427 0.6878906250000001 0.27459016393442626 0.42421875000000003
30 0.7274590163934427 0.6878906250000001 0.27459016393442626 0.42421875000000003
63 0.6762295081967213 0.236328125 0.2520491803278689 0.19609375
63 0.6762295081967213 0.236328125 0.2520491803278689 0.19609375
