3 0.26844262295081966 0.28554687500000003 0.27868852459016397 0.14921875
51 0.7674180327868853 0.7093750000000001 0.39344262295081966 0.38593750000000004
18 0.2607581967213115 0.7699218750000001 0.23668032786885246 0.17890625000000002
37 0.7576844262295083 0.261328125 0.3391393442622951 0.22109375
37 0.7576844262295083 0.261328125 0.3391393442622951 0.22109375
37 0.7576844262295083 0.261328125 0.3391393442622951 0.22109375
51 0.7674180327868853 0.7093750000000001 0.39344262295081966 0.38593750000000004
51 0.7674180327868853 0.7093750000000001 0.39344262295081966 0.38593750000000004
51 0.7674180327868853 0.7093750000000001 0.39344262295081966 0.38593750000000004
51 0.7674180327868853 0.7093750000000001 0.39344262295081966 0.38593750000000004
