3 0.3150614754098361 0.300390625 0.26741803278688525 0.17265625
18 0.24795081967213117 0.7777343750000001 0.2336065573770492 0.17734375000000002
58 0.7438524590163935 0.30781250000000004 0.17827868852459017 0.15000000000000002
50 0.7551229508196722 0.733984375 0.3811475409836066 0.41953125
18 0.24795081967213117 0.7777343750000001 0.2336065573770492 0.17734375000000002
50 0.7551229508196722 0.733984375 0.3811475409836066 0.41953125
58 0.7438524590163935 0.30781250000000004 0.17827868852459017 0.15000000000000002
58 0.7438524590163935 0.30781250000000004 0.17827868852459017 0.15000000000000002
58 0.7438524590163935 0.30781250000000004 0.17827868852459017 0.15000000000000002
58 0.7438524590163935 0.30781250000000004 0.17827868852459017 0.15000000000000002
