69 0.2868852459016394 0.25039062500000003 0.375 0.35234375
22 0.7336065573770493 0.73984375 0.2561475409836066 0.3203125
63 0.2792008196721312 0.758984375 0.2612704918032787 0.19921875
25 0.7423155737704918 0.25078125 0.24692622950819673 0.371875
22 0.7336065573770493 0.73984375 0.2561475409836066 0.3203125
22 0.7336065573770493 0.73984375 0.2561475409836066 0.3203125
63 0.2792008196721312 0.758984375 0.2612704918032787 0.19921875
69 0.2868852459016394 0.25039062500000003 0.375 0.35234375
69 0.2868852459016394 0.25039062500000003 0.375 0.35234375
69 0.2868852459016394 0.25039062500000003 0.375 0.35234375
69 0.2868852459016394 0.25039062500000003 0.375 0.35234375
