25 0.7351434426229508 0.28828125 0.3125 0.34375
16 0.7961065573770493 0.7367187500000001 0.2561475409836066 0.36562500000000003
30 0.2556352459016394 0.23789062500000002 0.29815573770491804 0.41484375
63 0.2566598360655738 0.753515625 0.26741803278688525 0.20859375000000002
16 0.7961065573770493 0.7367187500000001 0.2561475409836066 0.36562500000000003
16 0.7961065573770493 0.7367187500000001 0.2561475409836066 0.36562500000000003
30 0.2556352459016394 0.23789062500000002 0.29815573770491804 0.41484375
30 0.2556352459016394 0.23789062500000002 0.29815573770491804 0.41484375
30 0.2556352459016394 0.23789062500000002 0.29815573770491804 0.41484375
30 0.2556352459016394 0.23789062500000002 0.29815573770491804 0.41484375
63 0.2566598360655738 0.753515625 0.26741803278688525 0.20859375000000002
63 0.2566598360655738 0.753515625 0.26741803278688525 0.20859375000000002
