63 0.2602459016393443 0.74765625 0.26639344262295084 0.209375
25 0.7218237704918034 0.246484375 0.20184426229508198 0.37265625
35 0.7346311475409837 0.7582031250000001 0.23975409836065575 0.41171875
23 0.24590163934426232 0.2703125 0.3545081967213115 0.38593750000000004
23 0.24590163934426232 0.2703125 0.3545081967213115 0.38593750000000004
23 0.24590163934426232 0.2703125 0.3545081967213115 0.38593750000000004
23 0.24590163934426232 0.2703125 0.3545081967213115 0.38593750000000004
35 0.7346311475409837 0.7582031250000001 0.23975409836065575 0.41171875
35 0.7346311475409837 0.7582031250000001 0.23975409836065575 0.41171875
35 0.7346311475409837 0.7582031250000001 0.23975409836065575 0.41171875
63 0.2602459016393443 0.74765625 0.26639344262295084 0.209375
