44 0.23668032786885246 0.208984375 0.21721311475409838 0.15703125
9 0.747438524590164 0.233203125 0.2920081967213115 0.37578125
26 0.7310450819672132 0.7562500000000001 0.21618852459016394 0.1078125
71 0.2213114754098361 0.7453125 0.1864754098360656 0.1390625
44 0.23668032786885246 0.208984375 0.21721311475409838 0.15703125
44 0.23668032786885246 0.208984375 0.21721311475409838 0.15703125
44 0.23668032786885246 0.208984375 0.21721311475409838 0.15703125
44 0.23668032786885246 0.208984375 0.21721311475409838 0.15703125
44 0.23668032786885246 0.208984375 0.21721311475409838 0.15703125
71 0.2213114754098361 0.7453125 0.1864754098360656 0.1390625
71 0.2213114754098361 0.7453125 0.1864754098360656 0.1390625
