3 0.7464139344262295 0.72578125 0.2920081967213115 0.1296875
18 0.7617827868852459 0.22421875000000002 0.22848360655737707 0.16718750000000002
32 0.21004098360655737 0.745703125 0.22745901639344263 0.16171875000000002
54 0.26946721311475413 0.23671875 0.35655737704918034 0.38906250000000003
18 0.7617827868852459 0.22421875000000002 0.22848360655737707 0.16718750000000002
18 0.7617827868852459 0.22421875000000002 0.22848360655737707 0.16718750000000002
32 0.21004098360655737 0.745703125 0.22745901639344263 0.16171875000000002
32 0.21004098360655737 0.745703125 0.22745901639344263 0.16171875000000002
32 0.21004098360655737 0.745703125 0.22745901639344263 0.16171875000000002
32 0.21004098360655737 0.745703125 0.22745901639344263 0.16171875000000002
32 0.21004098360655737 0.745703125 0.22745901639344263 0.16171875000000002
54 0.26946721311475413 0.23671875 0.35655737704918034 0.38906250000000003
