21 0.27049180327868855 0.6765625000000001 0.3586065573770492 0.265625
72 0.6987704918032788 0.728515625 0.23565573770491804 0.17578125
49 0.2858606557377049 0.26601562500000003 0.19262295081967215 0.14296875
21 0.27049180327868855 0.6765625000000001 0.3586065573770492 0.265625
21 0.27049180327868855 0.6765625000000001 0.3586065573770492 0.265625
21 0.27049180327868855 0.6765625000000001 0.3586065573770492 0.265625
21 0.27049180327868855 0.6765625000000001 0.3586065573770492 0.265625
21 0.27049180327868855 0.6765625000000001 0.3586065573770492 0.265625
21 0.27049180327868855 0.6765625000000001 0.3586065573770492 0.265625
21 0.27049180327868855 0.6765625000000001 0.3586065573770492 0.265625
72 0.6987704918032788 0.728515625 0.23565573770491804 0.17578125
