45 0.27151639344262296 0.7796875000000001 0.2213114754098361 0.16562500000000002
24 0.771516393442623 0.802734375 0.2213114754098361 0.16796875
53 0.8002049180327869 0.28164062500000003 0.1864754098360656 0.13359375
9 0.2725409836065574 0.353125 0.2930327868852459 0.37031250000000004
45 0.27151639344262296 0.7796875000000001 0.2213114754098361 0.16562500000000002
45 0.27151639344262296 0.7796875000000001 0.2213114754098361 0.16562500000000002
53 0.8002049180327869 0.28164062500000003 0.1864754098360656 0.13359375
53 0.8002049180327869 0.28164062500000003 0.1864754098360656 0.13359375
53 0.8002049180327869 0.28164062500000003 0.1864754098360656 0.13359375
53 0.8002049180327869 0.28164062500000003 0.1864754098360656 0.13359375
53 0.8002049180327869 0.28164062500000003 0.1864754098360656 0.13359375
53 0.8002049180327869 0.28164062500000003 0.1864754098360656 0.13359375
53 0.8002049180327869 0.28164062500000003 0.1864754098360656 0.13359375
53 0.8002049180327869 0.28164062500000003 0.1864754098360656 0.13359375
53 0.8002049180327869 0.28164062500000003 0.1864754098360656 0.13359375
