24 0.8048155737704918 0.7566406250000001 0.22438524590163936 0.16796875
0 0.2868852459016394 0.78671875 0.24590163934426232 0.1875
55 0.7049180327868853 0.31367187500000004 0.21721311475409838 0.26640625
56 0.2792008196721312 0.291015625 0.3002049180327869 0.18515625000000002
24 0.8048155737704918 0.7566406250000001 0.22438524590163936 0.16796875
24 0.8048155737704918 0.7566406250000001 0.22438524590163936 0.16796875
55 0.7049180327868853 0.31367187500000004 0.21721311475409838 0.26640625
56 0.2792008196721312 0.291015625 0.3002049180327869 0.18515625000000002
56 0.2792008196721312 0.291015625 0.3002049180327869 0.18515625000000002
56 0.2792008196721312 0.291015625 0.3002049180327869 0.18515625000000002
56 0.2792008196721312 0.291015625 0.3002049180327869 0.18515625000000002
56 0.2792008196721312 0.291015625 0.3002049180327869 0.18515625000000002
56 0.2792008196721312 0.291015625 0.3002049180327869 0.18515625000000002
