31 0.2505122950819672 0.73203125 0.2858606557377049 0.2171875
25 0.7479508196721312 0.22734375 0.22540983606557377 0.37343750000000003
66 0.7182377049180328 0.7253906250000001 0.21926229508196723 0.35390625000000003
8 0.2576844262295082 0.23125 0.3104508196721312 0.40468750000000003
8 0.2576844262295082 0.23125 0.3104508196721312 0.40468750000000003
31 0.2505122950819672 0.73203125 0.2858606557377049 0.2171875
31 0.2505122950819672 0.73203125 0.2858606557377049 0.2171875
66 0.7182377049180328 0.7253906250000001 0.21926229508196723 0.35390625000000003
66 0.7182377049180328 0.7253906250000001 0.21926229508196723 0.35390625000000003
66 0.7182377049180328 0.7253906250000001 0.21926229508196723 0.35390625000000003
66 0.7182377049180328 0.7253906250000001 0.21926229508196723 0.35390625000000003
