31 0.6746926229508197 0.220703125 0.27561475409836067 0.20703125
22 0.21157786885245902 0.21054687500000002 0.25922131147540983 0.31328125
30 0.6793032786885246 0.630078125 0.2868852459016394 0.41171875
22 0.21157786885245902 0.21054687500000002 0.25922131147540983 0.31328125
22 0.21157786885245902 0.21054687500000002 0.25922131147540983 0.31328125
22 0.21157786885245902 0.21054687500000002 0.25922131147540983 0.31328125
30 0.6793032786885246 0.630078125 0.2868852459016394 0.41171875
30 0.6793032786885246 0.630078125 0.2868852459016394 0.41171875
30 0.6793032786885246 0.630078125 0.2868852459016394 0.41171875
30 0.6793032786885246 0.630078125 0.2868852459016394 0.41171875
30 0.6793032786885246 0.630078125 0.2868852459016394 0.41171875
31 0.6746926229508197 0.220703125 0.27561475409836067 0.20703125
