11 0.8104508196721312 0.32343750000000004 0.3155737704918033 0.22031250000000002
26 0.7535860655737705 0.7503906250000001 0.21618852459016394 0.10390625
48 0.2807377049180328 0.290234375 0.26844262295081966 0.35859375000000004
11 0.8104508196721312 0.32343750000000004 0.3155737704918033 0.22031250000000002
11 0.8104508196721312 0.32343750000000004 0.3155737704918033 0.22031250000000002
11 0.8104508196721312 0.32343750000000004 0.3155737704918033 0.22031250000000002
11 0.8104508196721312 0.32343750000000004 0.3155737704918033 0.22031250000000002
11 0.8104508196721312 0.32343750000000004 0.3155737704918033 0.22031250000000002
48 0.2807377049180328 0.290234375 0.26844262295081966 0.35859375000000004
48 0.2807377049180328 0.290234375 0.26844262295081966 0.35859375000000004
48 0.2807377049180328 0.290234375 0.26844262295081966 0.35859375000000004
48 0.2807377049180328 0.290234375 0.26844262295081966 0.35859375000000004
