25 0.18954918032786885 0.7308593750000001 0.2725409836065574 0.37109375
16 0.18852459016393444 0.26875 0.22950819672131148 0.3359375
31 0.7038934426229508 0.253515625 0.27868852459016397 0.20859375000000002
30 0.6931352459016393 0.6312500000000001 0.3145491803278689 0.40156250000000004
16 0.18852459016393444 0.26875 0.22950819672131148 0.3359375
16 0.18852459016393444 0.26875 0.22950819672131148 0.3359375
30 0.6931352459016393 0.6312500000000001 0.3145491803278689 0.40156250000000004
31 0.7038934426229508 0.253515625 0.27868852459016397 0.20859375000000002
31 0.7038934426229508 0.253515625 0.27868852459016397 0.20859375000000002
31 0.7038934426229508 0.253515625 0.27868852459016397 0.20859375000000002
