25 0.22540983606557377 0.721875 0.2336065573770492 0.3875
63 0.6941598360655739 0.25820312500000003 0.2530737704918033 0.19765625
35 0.2387295081967213 0.226953125 0.25 0.38046875
69 0.7095286885245902 0.666015625 0.3165983606557377 0.38515625000000003
35 0.2387295081967213 0.226953125 0.25 0.38046875
35 0.2387295081967213 0.226953125 0.25 0.38046875
63 0.6941598360655739 0.25820312500000003 0.2530737704918033 0.19765625
69 0.7095286885245902 0.666015625 0.3165983606557377 0.38515625000000003
69 0.7095286885245902 0.666015625 0.3165983606557377 0.38515625000000003
69 0.7095286885245902 0.666015625 0.3165983606557377 0.38515625000000003
