36 0.24487704918032788 0.747265625 0.2377049180327869 0.17734375000000002
24 0.7848360655737705 0.7332031250000001 0.21926229508196723 0.16484375
34 0.2653688524590164 0.294921875 0.3709016393442623 0.17421875
24 0.7848360655737705 0.7332031250000001 0.21926229508196723 0.16484375
34 0.2653688524590164 0.294921875 0.3709016393442623 0.17421875
34 0.2653688524590164 0.294921875 0.3709016393442623 0.17421875
34 0.2653688524590164 0.294921875 0.3709016393442623 0.17421875
34 0.2653688524590164 0.294921875 0.3709016393442623 0.17421875
36 0.24487704918032788 0.747265625 0.2377049180327869 0.17734375000000002
36 0.24487704918032788 0.747265625 0.2377049180327869 0.17734375000000002
36 0.24487704918032788 0.747265625 0.2377049180327869 0.17734375000000002
