49 0.5020491803278688 0.24531250000000002 0.1905737704918033 0.1421875
19 0.7991803278688525 0.70234375 0.18852459016393444 0.1453125
2 0.2858606557377049 0.716015625 0.4528688524590164 0.22109375
2 0.2858606557377049 0.716015625 0.4528688524590164 0.22109375
2 0.2858606557377049 0.716015625 0.4528688524590164 0.22109375
2 0.2858606557377049 0.716015625 0.4528688524590164 0.22109375
2 0.2858606557377049 0.716015625 0.4528688524590164 0.22109375
2 0.2858606557377049 0.716015625 0.4528688524590164 0.22109375
19 0.7991803278688525 0.70234375 0.18852459016393444 0.1453125
19 0.7991803278688525 0.70234375 0.18852459016393444 0.1453125
19 0.7991803278688525 0.70234375 0.18852459016393444 0.1453125
19 0.7991803278688525 0.70234375 0.18852459016393444 0.1453125
19 0.7991803278688525 0.70234375 0.18852459016393444 0.1453125
19 0.7991803278688525 0.70234375 0.18852459016393444 0.1453125
19 0.7991803278688525 0.70234375 0.18852459016393444 0.1453125
