53 0.8002049180327869 0.28203125 0.1864754098360656 0.134375
45 0.27049180327868855 0.779296875 0.21926229508196723 0.16484375
24 0.7704918032786886 0.802734375 0.2213114754098361 0.16640625
45 0.27049180327868855 0.779296875 0.21926229508196723 0.16484375
53 0.8002049180327869 0.28203125 0.1864754098360656 0.134375
53 0.8002049180327869 0.28203125 0.1864754098360656 0.134375
53 0.8002049180327869 0.28203125 0.1864754098360656 0.134375
53 0.8002049180327869 0.28203125 0.1864754098360656 0.134375
53 0.8002049180327869 0.28203125 0.1864754098360656 0.134375
53 0.8002049180327869 0.28203125 0.1864754098360656 0.134375
53 0.8002049180327869 0.28203125 0.1864754098360656 0.134375
53 0.8002049180327869 0.28203125 0.1864754098360656 0.134375
53 0.8002049180327869 0.28203125 0.1864754098360656 0.134375
