9 0.7838114754098361 0.26406250000000003 0.30327868852459017 0.36875
4 0.30276639344262296 0.70703125 0.2551229508196721 0.353125
60 0.7320696721311476 0.73359375 0.16290983606557377 0.2171875
26 0.21311475409836067 0.258984375 0.20901639344262296 0.09609375
4 0.30276639344262296 0.70703125 0.2551229508196721 0.353125
4 0.30276639344262296 0.70703125 0.2551229508196721 0.353125
4 0.30276639344262296 0.70703125 0.2551229508196721 0.353125
60 0.7320696721311476 0.73359375 0.16290983606557377 0.2171875
60 0.7320696721311476 0.73359375 0.16290983606557377 0.2171875
60 0.7320696721311476 0.73359375 0.16290983606557377 0.2171875
