19 0.7003073770491803 0.309375 0.18954918032786885 0.146875
43 0.2551229508196721 0.339453125 0.1557377049180328 0.21171875
49 0.5020491803278688 0.7664062500000001 0.19672131147540983 0.15156250000000002
19 0.7003073770491803 0.309375 0.18954918032786885 0.146875
19 0.7003073770491803 0.309375 0.18954918032786885 0.146875
19 0.7003073770491803 0.309375 0.18954918032786885 0.146875
19 0.7003073770491803 0.309375 0.18954918032786885 0.146875
43 0.2551229508196721 0.339453125 0.1557377049180328 0.21171875
43 0.2551229508196721 0.339453125 0.1557377049180328 0.21171875
43 0.2551229508196721 0.339453125 0.1557377049180328 0.21171875
43 0.2551229508196721 0.339453125 0.1557377049180328 0.21171875
