24 0.2177254098360656 0.23828125 0.21413934426229508 0.15625
0 0.7218237704918034 0.2 0.24282786885245902 0.178125
55 0.3140368852459017 0.697265625 0.2223360655737705 0.27890625
56 0.7479508196721312 0.727734375 0.31352459016393447 0.18046875
24 0.2177254098360656 0.23828125 0.21413934426229508 0.15625
55 0.3140368852459017 0.697265625 0.2223360655737705 0.27890625
55 0.3140368852459017 0.697265625 0.2223360655737705 0.27890625
55 0.3140368852459017 0.697265625 0.2223360655737705 0.27890625
55 0.3140368852459017 0.697265625 0.2223360655737705 0.27890625
56 0.7479508196721312 0.727734375 0.31352459016393447 0.18046875
56 0.7479508196721312 0.727734375 0.31352459016393447 0.18046875
56 0.7479508196721312 0.727734375 0.31352459016393447 0.18046875
56 0.7479508196721312 0.727734375 0.31352459016393447 0.18046875
56 0.7479508196721312 0.727734375 0.31352459016393447 0.18046875
56 0.7479508196721312 0.727734375 0.31352459016393447 0.18046875
56 0.7479508196721312 0.727734375 0.31352459016393447 0.18046875
56 0.7479508196721312 0.727734375 0.31352459016393447 0.18046875
