24 0.7966188524590164 0.7855468750000001 0.22028688524590165 0.16796875
13 0.2771516393442623 0.30000000000000004 0.21413934426229508 0.1640625
9 0.7177254098360656 0.322265625 0.3350409836065574 0.34296875000000004
13 0.2771516393442623 0.30000000000000004 0.21413934426229508 0.1640625
13 0.2771516393442623 0.30000000000000004 0.21413934426229508 0.1640625
13 0.2771516393442623 0.30000000000000004 0.21413934426229508 0.1640625
13 0.2771516393442623 0.30000000000000004 0.21413934426229508 0.1640625
13 0.2771516393442623 0.30000000000000004 0.21413934426229508 0.1640625
13 0.2771516393442623 0.30000000000000004 0.21413934426229508 0.1640625
13 0.2771516393442623 0.30000000000000004 0.21413934426229508 0.1640625
13 0.2771516393442623 0.30000000000000004 0.21413934426229508 0.1640625
13 0.2771516393442623 0.30000000000000004 0.21413934426229508 0.1640625
13 0.2771516393442623 0.30000000000000004 0.21413934426229508 0.1640625
