0 0.6818647540983607 0.22812500000000002 0.2387295081967213 0.1765625
26 0.24487704918032788 0.2578125 0.18442622950819673 0.140625
11 0.20543032786885246 0.701171875 0.3206967213114754 0.23515625
12 0.6844262295081968 0.7191406250000001 0.4180327868852459 0.21015625000000002
11 0.20543032786885246 0.701171875 0.3206967213114754 0.23515625
11 0.20543032786885246 0.701171875 0.3206967213114754 0.23515625
11 0.20543032786885246 0.701171875 0.3206967213114754 0.23515625
11 0.20543032786885246 0.701171875 0.3206967213114754 0.23515625
11 0.20543032786885246 0.701171875 0.3206967213114754 0.23515625
11 0.20543032786885246 0.701171875 0.3206967213114754 0.23515625
12 0.6844262295081968 0.7191406250000001 0.4180327868852459 0.21015625000000002
12 0.6844262295081968 0.7191406250000001 0.4180327868852459 0.21015625000000002
12 0.6844262295081968 0.7191406250000001 0.4180327868852459 0.21015625000000002
