67 0.22489754098360656 0.23359375000000002 0.40061475409836067 0.30625
3 0.6854508196721312 0.696484375 0.2725409836065574 0.17578125
58 0.23924180327868855 0.68515625 0.18545081967213115 0.1609375
18 0.7289959016393442 0.21015625000000002 0.2223360655737705 0.16562500000000002
18 0.7289959016393442 0.21015625000000002 0.2223360655737705 0.16562500000000002
18 0.7289959016393442 0.21015625000000002 0.2223360655737705 0.16562500000000002
58 0.23924180327868855 0.68515625 0.18545081967213115 0.1609375
58 0.23924180327868855 0.68515625 0.18545081967213115 0.1609375
58 0.23924180327868855 0.68515625 0.18545081967213115 0.1609375
58 0.23924180327868855 0.68515625 0.18545081967213115 0.1609375
58 0.23924180327868855 0.68515625 0.18545081967213115 0.1609375
67 0.22489754098360656 0.23359375000000002 0.40061475409836067 0.30625
67 0.22489754098360656 0.23359375000000002 0.40061475409836067 0.30625
67 0.22489754098360656 0.23359375000000002 0.40061475409836067 0.30625
67 0.22489754098360656 0.23359375000000002 0.40061475409836067 0.30625
67 0.22489754098360656 0.23359375000000002 0.40061475409836067 0.30625
