49 0.4042008196721312 0.203515625 0.18954918032786885 0.14921875
47 0.2617827868852459 0.6375000000000001 0.45389344262295084 0.45625000000000004
17 0.7464139344262295 0.6171875 0.2961065573770492 0.33125000000000004
17 0.7464139344262295 0.6171875 0.2961065573770492 0.33125000000000004
17 0.7464139344262295 0.6171875 0.2961065573770492 0.33125000000000004
17 0.7464139344262295 0.6171875 0.2961065573770492 0.33125000000000004
47 0.2617827868852459 0.6375000000000001 0.45389344262295084 0.45625000000000004
47 0.2617827868852459 0.6375000000000001 0.45389344262295084 0.45625000000000004
47 0.2617827868852459 0.6375000000000001 0.45389344262295084 0.45625000000000004
47 0.2617827868852459 0.6375000000000001 0.45389344262295084 0.45625000000000004
47 0.2617827868852459 0.6375000000000001 0.45389344262295084 0.45625000000000004
47 0.2617827868852459 0.6375000000000001 0.45389344262295084 0.45625000000000004
47 0.2617827868852459 0.6375000000000001 0.45389344262295084 0.45625000000000004
47 0.2617827868852459 0.6375000000000001 0.45389344262295084 0.45625000000000004
47 0.2617827868852459 0.6375000000000001 0.45389344262295084 0.45625000000000004
47 0.2617827868852459 0.6375000000000001 0.45389344262295084 0.45625000000000004
