40 0.6885245901639344 0.6351562500000001 0.17418032786885246 0.1875
61 0.27868852459016397 0.654296875 0.3524590163934426 0.20859375000000002
49 0.4559426229508197 0.17148437500000002 0.19262295081967215 0.14765625000000002
40 0.6885245901639344 0.6351562500000001 0.17418032786885246 0.1875
40 0.6885245901639344 0.6351562500000001 0.17418032786885246 0.1875
40 0.6885245901639344 0.6351562500000001 0.17418032786885246 0.1875
40 0.6885245901639344 0.6351562500000001 0.17418032786885246 0.1875
61 0.27868852459016397 0.654296875 0.3524590163934426 0.20859375000000002
61 0.27868852459016397 0.654296875 0.3524590163934426 0.20859375000000002
61 0.27868852459016397 0.654296875 0.3524590163934426 0.20859375000000002
