63 0.2561475409836066 0.75390625 0.26639344262295084 0.209375
25 0.7341188524590164 0.28984375 0.3084016393442623 0.340625
8 0.257172131147541 0.2671875 0.31352459016393447 0.39687500000000003
16 0.7981557377049181 0.7367187500000001 0.2561475409836066 0.3640625
8 0.257172131147541 0.2671875 0.31352459016393447 0.39687500000000003
16 0.7981557377049181 0.7367187500000001 0.2561475409836066 0.3640625
16 0.7981557377049181 0.7367187500000001 0.2561475409836066 0.3640625
16 0.7981557377049181 0.7367187500000001 0.2561475409836066 0.3640625
63 0.2561475409836066 0.75390625 0.26639344262295084 0.209375
63 0.2561475409836066 0.75390625 0.26639344262295084 0.209375
63 0.2561475409836066 0.75390625 0.26639344262295084 0.209375
