23 0.6700819672131147 0.6585937500000001 0.3811475409836066 0.35781250000000003
25 0.22387295081967215 0.696875 0.23258196721311478 0.3796875
22 0.22489754098360656 0.23593750000000002 0.26331967213114754 0.309375
63 0.6629098360655739 0.22265625 0.2520491803278689 0.19687500000000002
22 0.22489754098360656 0.23593750000000002 0.26331967213114754 0.309375
22 0.22489754098360656 0.23593750000000002 0.26331967213114754 0.309375
22 0.22489754098360656 0.23593750000000002 0.26331967213114754 0.309375
23 0.6700819672131147 0.6585937500000001 0.3811475409836066 0.35781250000000003
23 0.6700819672131147 0.6585937500000001 0.3811475409836066 0.35781250000000003
23 0.6700819672131147 0.6585937500000001 0.3811475409836066 0.35781250000000003
63 0.6629098360655739 0.22265625 0.2520491803278689 0.19687500000000002
63 0.6629098360655739 0.22265625 0.2520491803278689 0.19687500000000002
63 0.6629098360655739 0.22265625 0.2520491803278689 0.19687500000000002
63 0.6629098360655739 0.22265625 0.2520491803278689 0.19687500000000002
