49 0.4421106557377049 0.248046875 0.18954918032786885 0.14296875
40 0.2797131147540984 0.7203125 0.1905737704918033 0.171875
59 0.7581967213114754 0.6921875000000001 0.2766393442622951 0.23593750000000002
40 0.2797131147540984 0.7203125 0.1905737704918033 0.171875
40 0.2797131147540984 0.7203125 0.1905737704918033 0.171875
40 0.2797131147540984 0.7203125 0.1905737704918033 0.171875
59 0.7581967213114754 0.6921875000000001 0.2766393442622951 0.23593750000000002
59 0.7581967213114754 0.6921875000000001 0.2766393442622951 0.23593750000000002
59 0.7581967213114754 0.6921875000000001 0.2766393442622951 0.23593750000000002
59 0.7581967213114754 0.6921875000000001 0.2766393442622951 0.23593750000000002
59 0.7581967213114754 0.6921875000000001 0.2766393442622951 0.23593750000000002
