34 0.24385245901639346 0.69921875 0.3422131147540984 0.23593750000000002
26 0.22540983606557377 0.2609375 0.2028688524590164 0.1171875
9 0.7371926229508197 0.2625 0.30225409836065575 0.359375
60 0.7397540983606558 0.716015625 0.26229508196721313 0.19453125000000002
34 0.24385245901639346 0.69921875 0.3422131147540984 0.23593750000000002
34 0.24385245901639346 0.69921875 0.3422131147540984 0.23593750000000002
34 0.24385245901639346 0.69921875 0.3422131147540984 0.23593750000000002
60 0.7397540983606558 0.716015625 0.26229508196721313 0.19453125000000002
60 0.7397540983606558 0.716015625 0.26229508196721313 0.19453125000000002
60 0.7397540983606558 0.716015625 0.26229508196721313 0.19453125000000002
60 0.7397540983606558 0.716015625 0.26229508196721313 0.19453125000000002
