55 0.3119877049180328 0.6996093750000001 0.22028688524590165 0.28046875
24 0.23565573770491804 0.2109375 0.21311475409836067 0.15625
62 0.7371926229508197 0.7406250000000001 0.14651639344262296 0.1078125
0 0.757172131147541 0.186328125 0.24385245901639346 0.17890625000000002
24 0.23565573770491804 0.2109375 0.21311475409836067 0.15625
62 0.7371926229508197 0.7406250000000001 0.14651639344262296 0.1078125
62 0.7371926229508197 0.7406250000000001 0.14651639344262296 0.1078125
62 0.7371926229508197 0.7406250000000001 0.14651639344262296 0.1078125
62 0.7371926229508197 0.7406250000000001 0.14651639344262296 0.1078125
62 0.7371926229508197 0.7406250000000001 0.14651639344262296 0.1078125
62 0.7371926229508197 0.7406250000000001 0.14651639344262296 0.1078125
62 0.7371926229508197 0.7406250000000001 0.14651639344262296 0.1078125
62 0.7371926229508197 0.7406250000000001 0.14651639344262296 0.1078125
62 0.7371926229508197 0.7406250000000001 0.14651639344262296 0.1078125
62 0.7371926229508197 0.7406250000000001 0.14651639344262296 0.1078125
