37 0.26280737704918034 0.7664062500000001 0.3555327868852459 0.234375
18 0.7494877049180328 0.220703125 0.22848360655737707 0.16953125000000002
68 0.26997950819672134 0.23984375000000002 0.22028688524590165 0.1609375
3 0.7581967213114754 0.73359375 0.2848360655737705 0.1484375
18 0.7494877049180328 0.220703125 0.22848360655737707 0.16953125000000002
18 0.7494877049180328 0.220703125 0.22848360655737707 0.16953125000000002
18 0.7494877049180328 0.220703125 0.22848360655737707 0.16953125000000002
37 0.26280737704918034 0.7664062500000001 0.3555327868852459 0.234375
37 0.26280737704918034 0.7664062500000001 0.3555327868852459 0.234375
68 0.26997950819672134 0.23984375000000002 0.22028688524590165 0.1609375
68 0.26997950819672134 0.23984375000000002 0.22028688524590165 0.1609375
