3 0.7751024590163935 0.691015625 0.21618852459016394 0.21015625000000002
20 0.7704918032786886 0.25078125 0.19672131147540983 0.140625
46 0.2894467213114754 0.6902343750000001 0.34118852459016397 0.18046875
68 0.18084016393442623 0.21835937500000002 0.21618852459016394 0.16015625
20 0.7704918032786886 0.25078125 0.19672131147540983 0.140625
20 0.7704918032786886 0.25078125 0.19672131147540983 0.140625
20 0.7704918032786886 0.25078125 0.19672131147540983 0.140625
46 0.2894467213114754 0.6902343750000001 0.34118852459016397 0.18046875
46 0.2894467213114754 0.6902343750000001 0.34118852459016397 0.18046875
46 0.2894467213114754 0.6902343750000001 0.34118852459016397 0.18046875
46 0.2894467213114754 0.6902343750000001 0.34118852459016397 0.18046875
68 0.18084016393442623 0.21835937500000002 0.21618852459016394 0.16015625
68 0.18084016393442623 0.21835937500000002 0.21618852459016394 0.16015625
68 0.18084016393442623 0.21835937500000002 0.21618852459016394 0.16015625
68 0.18084016393442623 0.21835937500000002 0.21618852459016394 0.16015625
