24 0.22336065573770492 0.20859375000000002 0.2069672131147541 0.1546875
38 0.26280737704918034 0.673828125 0.18545081967213115 0.14921875
45 0.7279713114754098 0.2265625 0.21004098360655737 0.1546875
0 0.7448770491803279 0.70859375 0.24590163934426232 0.184375
24 0.22336065573770492 0.20859375000000002 0.2069672131147541 0.1546875
38 0.26280737704918034 0.673828125 0.18545081967213115 0.14921875
38 0.26280737704918034 0.673828125 0.18545081967213115 0.14921875
38 0.26280737704918034 0.673828125 0.18545081967213115 0.14921875
38 0.26280737704918034 0.673828125 0.18545081967213115 0.14921875
45 0.7279713114754098 0.2265625 0.21004098360655737 0.1546875
