19 0.1603483606557377 0.641796875 0.18954918032786885 0.15078125
39 0.670594262295082 0.6839843750000001 0.21209016393442623 0.16640625
49 0.48821721311475413 0.20039062500000002 0.1875 0.14609375
19 0.1603483606557377 0.641796875 0.18954918032786885 0.15078125
19 0.1603483606557377 0.641796875 0.18954918032786885 0.15078125
19 0.1603483606557377 0.641796875 0.18954918032786885 0.15078125
19 0.1603483606557377 0.641796875 0.18954918032786885 0.15078125
39 0.670594262295082 0.6839843750000001 0.21209016393442623 0.16640625
39 0.670594262295082 0.6839843750000001 0.21209016393442623 0.16640625
39 0.670594262295082 0.6839843750000001 0.21209016393442623 0.16640625
39 0.670594262295082 0.6839843750000001 0.21209016393442623 0.16640625
39 0.670594262295082 0.6839843750000001 0.21209016393442623 0.16640625
