3 0.2617827868852459 0.31953125000000004 0.2776639344262295 0.15625
68 0.8104508196721312 0.7839843750000001 0.2377049180327869 0.16796875
15 0.24077868852459017 0.7605468750000001 0.2766393442622951 0.13984375000000002
70 0.7310450819672132 0.30898437500000003 0.3104508196721312 0.20859375000000002
15 0.24077868852459017 0.7605468750000001 0.2766393442622951 0.13984375000000002
15 0.24077868852459017 0.7605468750000001 0.2766393442622951 0.13984375000000002
68 0.8104508196721312 0.7839843750000001 0.2377049180327869 0.16796875
70 0.7310450819672132 0.30898437500000003 0.3104508196721312 0.20859375000000002
70 0.7310450819672132 0.30898437500000003 0.3104508196721312 0.20859375000000002
70 0.7310450819672132 0.30898437500000003 0.3104508196721312 0.20859375000000002
70 0.7310450819672132 0.30898437500000003 0.3104508196721312 0.20859375000000002
