48 0.2858606557377049 0.32421875 0.26229508196721313 0.35781250000000003
38 0.2551229508196721 0.7585937500000001 0.18442622950819673 0.15625
0 0.7853483606557378 0.28750000000000003 0.2387295081967213 0.17343750000000002
24 0.7756147540983607 0.7765625 0.22336065573770492 0.1703125
38 0.2551229508196721 0.7585937500000001 0.18442622950819673 0.15625
38 0.2551229508196721 0.7585937500000001 0.18442622950819673 0.15625
38 0.2551229508196721 0.7585937500000001 0.18442622950819673 0.15625
38 0.2551229508196721 0.7585937500000001 0.18442622950819673 0.15625
38 0.2551229508196721 0.7585937500000001 0.18442622950819673 0.15625
38 0.2551229508196721 0.7585937500000001 0.18442622950819673 0.15625
38 0.2551229508196721 0.7585937500000001 0.18442622950819673 0.15625
