29 0.29354508196721313 0.2984375 0.29815573770491804 0.3875
25 0.7725409836065574 0.259765625 0.20081967213114754 0.37734375000000003
63 0.26793032786885246 0.7679687500000001 0.26946721311475413 0.2078125
29 0.29354508196721313 0.2984375 0.29815573770491804 0.3875
29 0.29354508196721313 0.2984375 0.29815573770491804 0.3875
29 0.29354508196721313 0.2984375 0.29815573770491804 0.3875
29 0.29354508196721313 0.2984375 0.29815573770491804 0.3875
29 0.29354508196721313 0.2984375 0.29815573770491804 0.3875
63 0.26793032786885246 0.7679687500000001 0.26946721311475413 0.2078125
63 0.26793032786885246 0.7679687500000001 0.26946721311475413 0.2078125
63 0.26793032786885246 0.7679687500000001 0.26946721311475413 0.2078125
63 0.26793032786885246 0.7679687500000001 0.26946721311475413 0.2078125
