24 0.27407786885245905 0.2328125 0.21618852459016394 0.15781250000000002
45 0.7510245901639344 0.22812500000000002 0.21311475409836067 0.15937500000000002
0 0.26690573770491804 0.7359375 0.24282786885245902 0.178125
56 0.7064549180327869 0.7562500000000001 0.3432377049180328 0.125
24 0.27407786885245905 0.2328125 0.21618852459016394 0.15781250000000002
24 0.27407786885245905 0.2328125 0.21618852459016394 0.15781250000000002
45 0.7510245901639344 0.22812500000000002 0.21311475409836067 0.15937500000000002
45 0.7510245901639344 0.22812500000000002 0.21311475409836067 0.15937500000000002
45 0.7510245901639344 0.22812500000000002 0.21311475409836067 0.15937500000000002
56 0.7064549180327869 0.7562500000000001 0.3432377049180328 0.125
56 0.7064549180327869 0.7562500000000001 0.3432377049180328 0.125
56 0.7064549180327869 0.7562500000000001 0.3432377049180328 0.125
56 0.7064549180327869 0.7562500000000001 0.3432377049180328 0.125
56 0.7064549180327869 0.7562500000000001 0.3432377049180328 0.125
56 0.7064549180327869 0.7562500000000001 0.3432377049180328 0.125
56 0.7064549180327869 0.7562500000000001 0.3432377049180328 0.125
56 0.7064549180327869 0.7562500000000001 0.3432377049180328 0.125
56 0.7064549180327869 0.7562500000000001 0.3432377049180328 0.125
