49 0.4707991803278689 0.270703125 0.19364754098360656 0.14453125
47 0.288422131147541 0.7097656250000001 0.5420081967213115 0.40234375
21 0.7827868852459017 0.6859375000000001 0.35655737704918034 0.2625
21 0.7827868852459017 0.6859375000000001 0.35655737704918034 0.2625
21 0.7827868852459017 0.6859375000000001 0.35655737704918034 0.2625
21 0.7827868852459017 0.6859375000000001 0.35655737704918034 0.2625
47 0.288422131147541 0.7097656250000001 0.5420081967213115 0.40234375
47 0.288422131147541 0.7097656250000001 0.5420081967213115 0.40234375
47 0.288422131147541 0.7097656250000001 0.5420081967213115 0.40234375
47 0.288422131147541 0.7097656250000001 0.5420081967213115 0.40234375
47 0.288422131147541 0.7097656250000001 0.5420081967213115 0.40234375
47 0.288422131147541 0.7097656250000001 0.5420081967213115 0.40234375
47 0.288422131147541 0.7097656250000001 0.5420081967213115 0.40234375
