26 0.2525614754098361 0.2859375 0.13422131147540983 0.15625
10 0.2858606557377049 0.762890625 0.19672131147540983 0.14609375
0 0.7361680327868853 0.29531250000000003 0.24282786885245902 0.1765625
28 0.7751024590163935 0.73359375 0.2961065573770492 0.3484375
10 0.2858606557377049 0.762890625 0.19672131147540983 0.14609375
10 0.2858606557377049 0.762890625 0.19672131147540983 0.14609375
10 0.2858606557377049 0.762890625 0.19672131147540983 0.14609375
10 0.2858606557377049 0.762890625 0.19672131147540983 0.14609375
10 0.2858606557377049 0.762890625 0.19672131147540983 0.14609375
28 0.7751024590163935 0.73359375 0.2961065573770492 0.3484375
28 0.7751024590163935 0.73359375 0.2961065573770492 0.3484375
