24 0.1987704918032787 0.2328125 0.20901639344262296 0.15625
13 0.7085040983606558 0.7132812500000001 0.17725409836065575 0.1921875
9 0.7679303278688525 0.203515625 0.33299180327868855 0.34609375000000003
13 0.7085040983606558 0.7132812500000001 0.17725409836065575 0.1921875
13 0.7085040983606558 0.7132812500000001 0.17725409836065575 0.1921875
13 0.7085040983606558 0.7132812500000001 0.17725409836065575 0.1921875
13 0.7085040983606558 0.7132812500000001 0.17725409836065575 0.1921875
13 0.7085040983606558 0.7132812500000001 0.17725409836065575 0.1921875
13 0.7085040983606558 0.7132812500000001 0.17725409836065575 0.1921875
13 0.7085040983606558 0.7132812500000001 0.17725409836065575 0.1921875
