33 0.2617827868852459 0.747265625 0.16086065573770492 0.12109375
26 0.2653688524590164 0.264453125 0.18852459016393444 0.14296875
12 0.7207991803278689 0.741796875 0.4088114754098361 0.21171875
9 0.8206967213114754 0.28515625 0.29918032786885246 0.3796875
12 0.7207991803278689 0.741796875 0.4088114754098361 0.21171875
12 0.7207991803278689 0.741796875 0.4088114754098361 0.21171875
33 0.2617827868852459 0.747265625 0.16086065573770492 0.12109375
33 0.2617827868852459 0.747265625 0.16086065573770492 0.12109375
33 0.2617827868852459 0.747265625 0.16086065573770492 0.12109375
33 0.2617827868852459 0.747265625 0.16086065573770492 0.12109375
33 0.2617827868852459 0.747265625 0.16086065573770492 0.12109375
33 0.2617827868852459 0.747265625 0.16086065573770492 0.12109375
