38 0.7059426229508197 0.6960937500000001 0.21926229508196723 0.12187500000000001
71 0.19672131147540983 0.7132812500000001 0.18237704918032788 0.140625
0 0.71875 0.2546875 0.23668032786885246 0.17500000000000002
38 0.7059426229508197 0.6960937500000001 0.21926229508196723 0.12187500000000001
38 0.7059426229508197 0.6960937500000001 0.21926229508196723 0.12187500000000001
38 0.7059426229508197 0.6960937500000001 0.21926229508196723 0.12187500000000001
38 0.7059426229508197 0.6960937500000001 0.21926229508196723 0.12187500000000001
71 0.19672131147540983 0.7132812500000001 0.18237704918032788 0.140625
71 0.19672131147540983 0.7132812500000001 0.18237704918032788 0.140625
71 0.19672131147540983 0.7132812500000001 0.18237704918032788 0.140625
71 0.19672131147540983 0.7132812500000001 0.18237704918032788 0.140625
