49 0.5543032786885246 0.733984375 0.194672131147541 0.14921875
72 0.5543032786885246 0.733984375 0.194672131147541 0.14921875
39 0.26895491803278687 0.303515625 0.21209016393442623 0.16171875000000002
39 0.26895491803278687 0.303515625 0.21209016393442623 0.16171875000000002
39 0.26895491803278687 0.303515625 0.21209016393442623 0.16171875000000002
39 0.26895491803278687 0.303515625 0.21209016393442623 0.16171875000000002
39 0.26895491803278687 0.303515625 0.21209016393442623 0.16171875000000002
39 0.26895491803278687 0.303515625 0.21209016393442623 0.16171875000000002
39 0.26895491803278687 0.303515625 0.21209016393442623 0.16171875000000002
72 0.5543032786885246 0.733984375 0.194672131147541 0.14921875
