49 0.46977459016393447 0.2265625 0.1915983606557377 0.14375000000000002
19 0.7725409836065574 0.7312500000000001 0.194672131147541 0.146875
7 0.2725409836065574 0.691015625 0.2827868852459017 0.33828125000000003
7 0.2725409836065574 0.691015625 0.2827868852459017 0.33828125000000003
7 0.2725409836065574 0.691015625 0.2827868852459017 0.33828125000000003
7 0.2725409836065574 0.691015625 0.2827868852459017 0.33828125000000003
19 0.7725409836065574 0.7312500000000001 0.194672131147541 0.146875
19 0.7725409836065574 0.7312500000000001 0.194672131147541 0.146875
19 0.7725409836065574 0.7312500000000001 0.194672131147541 0.146875
19 0.7725409836065574 0.7312500000000001 0.194672131147541 0.146875
