49 0.569672131147541 0.72421875 0.1905737704918033 0.15000000000000002
15 0.7284836065573771 0.29921875000000003 0.1905737704918033 0.19687500000000002
59 0.2535860655737705 0.36484375 0.2858606557377049 0.23125
15 0.7284836065573771 0.29921875000000003 0.1905737704918033 0.19687500000000002
59 0.2535860655737705 0.36484375 0.2858606557377049 0.23125
59 0.2535860655737705 0.36484375 0.2858606557377049 0.23125
59 0.2535860655737705 0.36484375 0.2858606557377049 0.23125
59 0.2535860655737705 0.36484375 0.2858606557377049 0.23125
59 0.2535860655737705 0.36484375 0.2858606557377049 0.23125
59 0.2535860655737705 0.36484375 0.2858606557377049 0.23125
59 0.2535860655737705 0.36484375 0.2858606557377049 0.23125
