49 0.5010245901639344 0.7605468750000001 0.194672131147541 0.15234375
19 0.20799180327868855 0.326953125 0.194672131147541 0.14765625000000002
2 0.7126024590163935 0.30234375 0.4477459016393443 0.21875
2 0.7126024590163935 0.30234375 0.4477459016393443 0.21875
2 0.7126024590163935 0.30234375 0.4477459016393443 0.21875
2 0.7126024590163935 0.30234375 0.4477459016393443 0.21875
2 0.7126024590163935 0.30234375 0.4477459016393443 0.21875
2 0.7126024590163935 0.30234375 0.4477459016393443 0.21875
2 0.7126024590163935 0.30234375 0.4477459016393443 0.21875
19 0.20799180327868855 0.326953125 0.194672131147541 0.14765625000000002
19 0.20799180327868855 0.326953125 0.194672131147541 0.14765625000000002
19 0.20799180327868855 0.326953125 0.194672131147541 0.14765625000000002
