9 0.7320696721311476 0.2515625 0.3002049180327869 0.36250000000000004
26 0.2520491803278689 0.265234375 0.16188524590163936 0.14921875
4 0.7418032786885246 0.719921875 0.2581967213114754 0.35703125
33 0.22797131147540986 0.735546875 0.16495901639344263 0.12421875
4 0.7418032786885246 0.719921875 0.2581967213114754 0.35703125
4 0.7418032786885246 0.719921875 0.2581967213114754 0.35703125
33 0.22797131147540986 0.735546875 0.16495901639344263 0.12421875
33 0.22797131147540986 0.735546875 0.16495901639344263 0.12421875
33 0.22797131147540986 0.735546875 0.16495901639344263 0.12421875
33 0.22797131147540986 0.735546875 0.16495901639344263 0.12421875
