63 0.24385245901639346 0.74609375 0.26229508196721313 0.19843750000000002
25 0.7525614754098361 0.23398437500000002 0.2387295081967213 0.37109375
66 0.7710040983606558 0.728515625 0.23258196721311478 0.35859375000000004
69 0.27868852459016397 0.32070312500000003 0.3176229508196721 0.38515625000000003
66 0.7710040983606558 0.728515625 0.23258196721311478 0.35859375000000004
66 0.7710040983606558 0.728515625 0.23258196721311478 0.35859375000000004
69 0.27868852459016397 0.32070312500000003 0.3176229508196721 0.38515625000000003
69 0.27868852459016397 0.32070312500000003 0.3176229508196721 0.38515625000000003
69 0.27868852459016397 0.32070312500000003 0.3176229508196721 0.38515625000000003
69 0.27868852459016397 0.32070312500000003 0.3176229508196721 0.38515625000000003
