49 0.4682377049180328 0.278515625 0.18852459016393444 0.14453125
40 0.7607581967213115 0.749609375 0.18135245901639346 0.17890625000000002
57 0.2807377049180328 0.694921875 0.24590163934426232 0.29140625000000003
40 0.7607581967213115 0.749609375 0.18135245901639346 0.17890625000000002
40 0.7607581967213115 0.749609375 0.18135245901639346 0.17890625000000002
40 0.7607581967213115 0.749609375 0.18135245901639346 0.17890625000000002
40 0.7607581967213115 0.749609375 0.18135245901639346 0.17890625000000002
40 0.7607581967213115 0.749609375 0.18135245901639346 0.17890625000000002
40 0.7607581967213115 0.749609375 0.18135245901639346 0.17890625000000002
57 0.2807377049180328 0.694921875 0.24590163934426232 0.29140625000000003
57 0.2807377049180328 0.694921875 0.24590163934426232 0.29140625000000003
57 0.2807377049180328 0.694921875 0.24590163934426232 0.29140625000000003
57 0.2807377049180328 0.694921875 0.24590163934426232 0.29140625000000003
57 0.2807377049180328 0.694921875 0.24590163934426232 0.29140625000000003
57 0.2807377049180328 0.694921875 0.24590163934426232 0.29140625000000003
