65 0.2371926229508197 0.246484375 0.2387295081967213 0.37578125
69 0.6506147540983607 0.6839843750000001 0.34016393442622955 0.38046875
31 0.7023565573770492 0.25039062500000003 0.2797131147540984 0.21015625000000002
31 0.7023565573770492 0.25039062500000003 0.2797131147540984 0.21015625000000002
31 0.7023565573770492 0.25039062500000003 0.2797131147540984 0.21015625000000002
65 0.2371926229508197 0.246484375 0.2387295081967213 0.37578125
65 0.2371926229508197 0.246484375 0.2387295081967213 0.37578125
65 0.2371926229508197 0.246484375 0.2387295081967213 0.37578125
65 0.2371926229508197 0.246484375 0.2387295081967213 0.37578125
69 0.6506147540983607 0.6839843750000001 0.34016393442622955 0.38046875
69 0.6506147540983607 0.6839843750000001 0.34016393442622955 0.38046875
69 0.6506147540983607 0.6839843750000001 0.34016393442622955 0.38046875
