9 0.7377049180327869 0.267578125 0.29713114754098363 0.37109375
26 0.2505122950819672 0.287890625 0.13422131147540983 0.15703125
28 0.27561475409836067 0.7578125 0.2848360655737705 0.34687500000000004
60 0.7628073770491803 0.763671875 0.16495901639344263 0.21953125
28 0.27561475409836067 0.7578125 0.2848360655737705 0.34687500000000004
28 0.27561475409836067 0.7578125 0.2848360655737705 0.34687500000000004
28 0.27561475409836067 0.7578125 0.2848360655737705 0.34687500000000004
60 0.7628073770491803 0.763671875 0.16495901639344263 0.21953125
60 0.7628073770491803 0.763671875 0.16495901639344263 0.21953125
60 0.7628073770491803 0.763671875 0.16495901639344263 0.21953125
60 0.7628073770491803 0.763671875 0.16495901639344263 0.21953125
