45 0.7387295081967213 0.21015625000000002 0.21311475409836067 0.15625
24 0.2510245901639344 0.191796875 0.21311475409836067 0.15859375
53 0.21567622950819673 0.7421875 0.1915983606557377 0.1421875
9 0.7530737704918034 0.6421875 0.29918032786885246 0.3828125
53 0.21567622950819673 0.7421875 0.1915983606557377 0.1421875
53 0.21567622950819673 0.7421875 0.1915983606557377 0.1421875
53 0.21567622950819673 0.7421875 0.1915983606557377 0.1421875
53 0.21567622950819673 0.7421875 0.1915983606557377 0.1421875
53 0.21567622950819673 0.7421875 0.1915983606557377 0.1421875
53 0.21567622950819673 0.7421875 0.1915983606557377 0.1421875
53 0.21567622950819673 0.7421875 0.1915983606557377 0.1421875
