65 0.7284836065573771 0.7234375000000001 0.23975409836065575 0.3828125
29 0.2920081967213115 0.27265625 0.30122950819672134 0.39375000000000004
25 0.7822745901639344 0.237109375 0.20389344262295084 0.37734375000000003
63 0.26280737704918034 0.7523437500000001 0.2653688524590164 0.19843750000000002
29 0.2920081967213115 0.27265625 0.30122950819672134 0.39375000000000004
29 0.2920081967213115 0.27265625 0.30122950819672134 0.39375000000000004
63 0.26280737704918034 0.7523437500000001 0.2653688524590164 0.19843750000000002
63 0.26280737704918034 0.7523437500000001 0.2653688524590164 0.19843750000000002
65 0.7284836065573771 0.7234375000000001 0.23975409836065575 0.3828125
65 0.7284836065573771 0.7234375000000001 0.23975409836065575 0.3828125
65 0.7284836065573771 0.7234375000000001 0.23975409836065575 0.3828125
