18 0.2074795081967213 0.33242187500000003 0.23668032786885246 0.17578125
61 0.6547131147540984 0.251171875 0.2377049180327869 0.18828125
49 0.49743852459016397 0.77265625 0.19774590163934427 0.15156250000000002
61 0.6547131147540984 0.251171875 0.2377049180327869 0.18828125
61 0.6547131147540984 0.251171875 0.2377049180327869 0.18828125
61 0.6547131147540984 0.251171875 0.2377049180327869 0.18828125
61 0.6547131147540984 0.251171875 0.2377049180327869 0.18828125
61 0.6547131147540984 0.251171875 0.2377049180327869 0.18828125
61 0.6547131147540984 0.251171875 0.2377049180327869 0.18828125
61 0.6547131147540984 0.251171875 0.2377049180327869 0.18828125
61 0.6547131147540984 0.251171875 0.2377049180327869 0.18828125
