9 0.7115778688524591 0.18359375 0.2961065573770492 0.36250000000000004
55 0.2827868852459017 0.6683593750000001 0.22745901639344263 0.28515625
24 0.22028688524590165 0.20546875 0.2069672131147541 0.1546875
62 0.709016393442623 0.7175781250000001 0.14139344262295084 0.11015625000000001
24 0.22028688524590165 0.20546875 0.2069672131147541 0.1546875
24 0.22028688524590165 0.20546875 0.2069672131147541 0.1546875
55 0.2827868852459017 0.6683593750000001 0.22745901639344263 0.28515625
55 0.2827868852459017 0.6683593750000001 0.22745901639344263 0.28515625
55 0.2827868852459017 0.6683593750000001 0.22745901639344263 0.28515625
55 0.2827868852459017 0.6683593750000001 0.22745901639344263 0.28515625
62 0.709016393442623 0.7175781250000001 0.14139344262295084 0.11015625000000001
62 0.709016393442623 0.7175781250000001 0.14139344262295084 0.11015625000000001
62 0.709016393442623 0.7175781250000001 0.14139344262295084 0.11015625000000001
62 0.709016393442623 0.7175781250000001 0.14139344262295084 0.11015625000000001
62 0.709016393442623 0.7175781250000001 0.14139344262295084 0.11015625000000001
62 0.709016393442623 0.7175781250000001 0.14139344262295084 0.11015625000000001
62 0.709016393442623 0.7175781250000001 0.14139344262295084 0.11015625000000001
62 0.709016393442623 0.7175781250000001 0.14139344262295084 0.11015625000000001
62 0.709016393442623 0.7175781250000001 0.14139344262295084 0.11015625000000001
