26 0.7556352459016393 0.734375 0.19364754098360656 0.1484375
12 0.7341188524590164 0.276171875 0.4149590163934426 0.17265625
44 0.29354508196721313 0.284765625 0.20799180327868855 0.15078125
9 0.19415983606557377 0.76484375 0.29815573770491804 0.39687500000000003
12 0.7341188524590164 0.276171875 0.4149590163934426 0.17265625
12 0.7341188524590164 0.276171875 0.4149590163934426 0.17265625
12 0.7341188524590164 0.276171875 0.4149590163934426 0.17265625
12 0.7341188524590164 0.276171875 0.4149590163934426 0.17265625
44 0.29354508196721313 0.284765625 0.20799180327868855 0.15078125
44 0.29354508196721313 0.284765625 0.20799180327868855 0.15078125
