55 0.28125 0.66796875 0.22438524590163936 0.284375
53 0.740266393442623 0.7093750000000001 0.19569672131147542 0.146875
0 0.7115778688524591 0.22031250000000002 0.24077868852459017 0.1765625
53 0.740266393442623 0.7093750000000001 0.19569672131147542 0.146875
53 0.740266393442623 0.7093750000000001 0.19569672131147542 0.146875
53 0.740266393442623 0.7093750000000001 0.19569672131147542 0.146875
53 0.740266393442623 0.7093750000000001 0.19569672131147542 0.146875
53 0.740266393442623 0.7093750000000001 0.19569672131147542 0.146875
53 0.740266393442623 0.7093750000000001 0.19569672131147542 0.146875
53 0.740266393442623 0.7093750000000001 0.19569672131147542 0.146875
53 0.740266393442623 0.7093750000000001 0.19569672131147542 0.146875
55 0.28125 0.66796875 0.22438524590163936 0.284375
55 0.28125 0.66796875 0.22438524590163936 0.284375
55 0.28125 0.66796875 0.22438524590163936 0.284375
