49 0.4462090163934426 0.1953125 0.1875 0.1453125
43 0.7095286885245902 0.63671875 0.2264344262295082 0.1796875
14 0.22899590163934427 0.6585937500000001 0.23668032786885246 0.21875
14 0.22899590163934427 0.6585937500000001 0.23668032786885246 0.21875
14 0.22899590163934427 0.6585937500000001 0.23668032786885246 0.21875
14 0.22899590163934427 0.6585937500000001 0.23668032786885246 0.21875
14 0.22899590163934427 0.6585937500000001 0.23668032786885246 0.21875
14 0.22899590163934427 0.6585937500000001 0.23668032786885246 0.21875
43 0.7095286885245902 0.63671875 0.2264344262295082 0.1796875
43 0.7095286885245902 0.63671875 0.2264344262295082 0.1796875
43 0.7095286885245902 0.63671875 0.2264344262295082 0.1796875
43 0.7095286885245902 0.63671875 0.2264344262295082 0.1796875
43 0.7095286885245902 0.63671875 0.2264344262295082 0.1796875
