48 0.747438524590164 0.7156250000000001 0.2612704918032787 0.37812500000000004
0 0.7766393442622951 0.229296875 0.24385245901639346 0.17734375000000002
10 0.25973360655737704 0.706640625 0.19569672131147542 0.14609375
26 0.2648565573770492 0.24531250000000002 0.2059426229508197 0.09843750000000001
10 0.25973360655737704 0.706640625 0.19569672131147542 0.14609375
10 0.25973360655737704 0.706640625 0.19569672131147542 0.14609375
10 0.25973360655737704 0.706640625 0.19569672131147542 0.14609375
10 0.25973360655737704 0.706640625 0.19569672131147542 0.14609375
10 0.25973360655737704 0.706640625 0.19569672131147542 0.14609375
48 0.747438524590164 0.7156250000000001 0.2612704918032787 0.37812500000000004
48 0.747438524590164 0.7156250000000001 0.2612704918032787 0.37812500000000004
48 0.747438524590164 0.7156250000000001 0.2612704918032787 0.37812500000000004
