55 0.2817622950819672 0.6687500000000001 0.22540983606557377 0.284375
62 0.7095286885245902 0.71796875 0.14241803278688525 0.109375
0 0.7254098360655739 0.18281250000000002 0.23565573770491804 0.1765625
55 0.2817622950819672 0.6687500000000001 0.22540983606557377 0.284375
62 0.7095286885245902 0.71796875 0.14241803278688525 0.109375
62 0.7095286885245902 0.71796875 0.14241803278688525 0.109375
62 0.7095286885245902 0.71796875 0.14241803278688525 0.109375
62 0.7095286885245902 0.71796875 0.14241803278688525 0.109375
62 0.7095286885245902 0.71796875 0.14241803278688525 0.109375
62 0.7095286885245902 0.71796875 0.14241803278688525 0.109375
62 0.7095286885245902 0.71796875 0.14241803278688525 0.109375
