55 0.2807377049180328 0.6671875 0.22745901639344263 0.284375
9 0.71875 0.21640625000000002 0.2920081967213115 0.3609375
53 0.7397540983606558 0.7097656250000001 0.194672131147541 0.14765625000000002
24 0.2028688524590164 0.25820312500000003 0.20901639344262296 0.15546875000000002
24 0.2028688524590164 0.25820312500000003 0.20901639344262296 0.15546875000000002
53 0.7397540983606558 0.7097656250000001 0.194672131147541 0.14765625000000002
53 0.7397540983606558 0.7097656250000001 0.194672131147541 0.14765625000000002
53 0.7397540983606558 0.7097656250000001 0.194672131147541 0.14765625000000002
53 0.7397540983606558 0.7097656250000001 0.194672131147541 0.14765625000000002
53 0.7397540983606558 0.7097656250000001 0.194672131147541 0.14765625000000002
53 0.7397540983606558 0.7097656250000001 0.194672131147541 0.14765625000000002
55 0.2807377049180328 0.6671875 0.22745901639344263 0.284375
