69 0.6915983606557378 0.689453125 0.3811475409836066 0.35390625000000003
22 0.2336065573770492 0.23515625 0.2602459016393443 0.31093750000000003
63 0.6752049180327869 0.23554687500000002 0.2520491803278689 0.19609375
25 0.21413934426229508 0.701171875 0.26434426229508196 0.37265625
22 0.2336065573770492 0.23515625 0.2602459016393443 0.31093750000000003
22 0.2336065573770492 0.23515625 0.2602459016393443 0.31093750000000003
22 0.2336065573770492 0.23515625 0.2602459016393443 0.31093750000000003
63 0.6752049180327869 0.23554687500000002 0.2520491803278689 0.19609375
63 0.6752049180327869 0.23554687500000002 0.2520491803278689 0.19609375
69 0.6915983606557378 0.689453125 0.3811475409836066 0.35390625000000003
69 0.6915983606557378 0.689453125 0.3811475409836066 0.35390625000000003
69 0.6915983606557378 0.689453125 0.3811475409836066 0.35390625000000003
