25 0.7489754098360656 0.21210937500000002 0.20491803278688525 0.37890625
42 0.3002049180327869 0.75 0.33811475409836067 0.246875
66 0.71875 0.7253906250000001 0.23258196721311478 0.35390625000000003
23 0.26331967213114754 0.27773437500000003 0.3176229508196721 0.37421875000000004
23 0.26331967213114754 0.27773437500000003 0.3176229508196721 0.37421875000000004
23 0.26331967213114754 0.27773437500000003 0.3176229508196721 0.37421875000000004
42 0.3002049180327869 0.75 0.33811475409836067 0.246875
42 0.3002049180327869 0.75 0.33811475409836067 0.246875
66 0.71875 0.7253906250000001 0.23258196721311478 0.35390625000000003
66 0.71875 0.7253906250000001 0.23258196721311478 0.35390625000000003
66 0.71875 0.7253906250000001 0.23258196721311478 0.35390625000000003
