24 0.3119877049180328 0.241015625 0.21004098360655737 0.15546875000000002
9 0.31352459016393447 0.671484375 0.4118852459016394 0.31328125
27 0.7448770491803279 0.7332031250000001 0.16803278688524592 0.16640625
27 0.7448770491803279 0.7332031250000001 0.16803278688524592 0.16640625
27 0.7448770491803279 0.7332031250000001 0.16803278688524592 0.16640625
27 0.7448770491803279 0.7332031250000001 0.16803278688524592 0.16640625
27 0.7448770491803279 0.7332031250000001 0.16803278688524592 0.16640625
27 0.7448770491803279 0.7332031250000001 0.16803278688524592 0.16640625
27 0.7448770491803279 0.7332031250000001 0.16803278688524592 0.16640625
27 0.7448770491803279 0.7332031250000001 0.16803278688524592 0.16640625
27 0.7448770491803279 0.7332031250000001 0.16803278688524592 0.16640625
27 0.7448770491803279 0.7332031250000001 0.16803278688524592 0.16640625
27 0.7448770491803279 0.7332031250000001 0.16803278688524592 0.16640625
27 0.7448770491803279 0.7332031250000001 0.16803278688524592 0.16640625
27 0.7448770491803279 0.7332031250000001 0.16803278688524592 0.16640625
