26 0.22899590163934427 0.280078125 0.1280737704918033 0.15703125
44 0.7822745901639344 0.708203125 0.2223360655737705 0.16015625
9 0.7213114754098361 0.31093750000000003 0.3176229508196721 0.35468750000000004
28 0.24282786885245902 0.7273437500000001 0.29918032786885246 0.3484375
28 0.24282786885245902 0.7273437500000001 0.29918032786885246 0.3484375
28 0.24282786885245902 0.7273437500000001 0.29918032786885246 0.3484375
28 0.24282786885245902 0.7273437500000001 0.29918032786885246 0.3484375
44 0.7822745901639344 0.708203125 0.2223360655737705 0.16015625
44 0.7822745901639344 0.708203125 0.2223360655737705 0.16015625
44 0.7822745901639344 0.708203125 0.2223360655737705 0.16015625
