9 0.2802254098360656 0.6375000000000001 0.4170081967213115 0.31562500000000004
45 0.7315573770491803 0.198046875 0.21106557377049182 0.15546875000000002
27 0.7197745901639344 0.7035156250000001 0.17315573770491804 0.17265625
27 0.7197745901639344 0.7035156250000001 0.17315573770491804 0.17265625
27 0.7197745901639344 0.7035156250000001 0.17315573770491804 0.17265625
27 0.7197745901639344 0.7035156250000001 0.17315573770491804 0.17265625
27 0.7197745901639344 0.7035156250000001 0.17315573770491804 0.17265625
27 0.7197745901639344 0.7035156250000001 0.17315573770491804 0.17265625
27 0.7197745901639344 0.7035156250000001 0.17315573770491804 0.17265625
27 0.7197745901639344 0.7035156250000001 0.17315573770491804 0.17265625
27 0.7197745901639344 0.7035156250000001 0.17315573770491804 0.17265625
27 0.7197745901639344 0.7035156250000001 0.17315573770491804 0.17265625
27 0.7197745901639344 0.7035156250000001 0.17315573770491804 0.17265625
45 0.7315573770491803 0.198046875 0.21106557377049182 0.15546875000000002
45 0.7315573770491803 0.198046875 0.21106557377049182 0.15546875000000002
