50 0.33094262295081966 0.280078125 0.4098360655737705 0.39609375
46 0.2873975409836066 0.6902343750000001 0.3391393442622951 0.17890625000000002
3 0.7725409836065574 0.691015625 0.21516393442622953 0.21171875
15 0.7412909836065574 0.26210937500000003 0.1875 0.19609375
46 0.2873975409836066 0.6902343750000001 0.3391393442622951 0.17890625000000002
46 0.2873975409836066 0.6902343750000001 0.3391393442622951 0.17890625000000002
46 0.2873975409836066 0.6902343750000001 0.3391393442622951 0.17890625000000002
46 0.2873975409836066 0.6902343750000001 0.3391393442622951 0.17890625000000002
46 0.2873975409836066 0.6902343750000001 0.3391393442622951 0.17890625000000002
50 0.33094262295081966 0.280078125 0.4098360655737705 0.39609375
50 0.33094262295081966 0.280078125 0.4098360655737705 0.39609375
