34 0.2336065573770492 0.733984375 0.36475409836065575 0.17890625000000002
26 0.2576844262295082 0.2609375 0.20389344262295084 0.1234375
0 0.7699795081967213 0.18906250000000002 0.24487704918032788 0.1796875
44 0.7648565573770493 0.7078125000000001 0.21618852459016394 0.15781250000000002
34 0.2336065573770492 0.733984375 0.36475409836065575 0.17890625000000002
34 0.2336065573770492 0.733984375 0.36475409836065575 0.17890625000000002
34 0.2336065573770492 0.733984375 0.36475409836065575 0.17890625000000002
34 0.2336065573770492 0.733984375 0.36475409836065575 0.17890625000000002
44 0.7648565573770493 0.7078125000000001 0.21618852459016394 0.15781250000000002
44 0.7648565573770493 0.7078125000000001 0.21618852459016394 0.15781250000000002
44 0.7648565573770493 0.7078125000000001 0.21618852459016394 0.15781250000000002
44 0.7648565573770493 0.7078125000000001 0.21618852459016394 0.15781250000000002
44 0.7648565573770493 0.7078125000000001 0.21618852459016394 0.15781250000000002
