49 0.4410860655737705 0.193359375 0.1875 0.14765625000000002
64 0.1552254098360656 0.6578125 0.25922131147540983 0.19062500000000002
21 0.7182377049180328 0.679296875 0.35655737704918034 0.26796875000000003
21 0.7182377049180328 0.679296875 0.35655737704918034 0.26796875000000003
21 0.7182377049180328 0.679296875 0.35655737704918034 0.26796875000000003
21 0.7182377049180328 0.679296875 0.35655737704918034 0.26796875000000003
21 0.7182377049180328 0.679296875 0.35655737704918034 0.26796875000000003
21 0.7182377049180328 0.679296875 0.35655737704918034 0.26796875000000003
21 0.7182377049180328 0.679296875 0.35655737704918034 0.26796875000000003
21 0.7182377049180328 0.679296875 0.35655737704918034 0.26796875000000003
64 0.1552254098360656 0.6578125 0.25922131147540983 0.19062500000000002
