26 0.7684426229508197 0.712890625 0.13319672131147542 0.16328125000000002
0 0.3109631147540984 0.786328125 0.24692622950819673 0.18984375
28 0.2525614754098361 0.38671875 0.2776639344262295 0.33125000000000004
11 0.78125 0.308203125 0.30635245901639346 0.22734375
11 0.78125 0.308203125 0.30635245901639346 0.22734375
11 0.78125 0.308203125 0.30635245901639346 0.22734375
11 0.78125 0.308203125 0.30635245901639346 0.22734375
11 0.78125 0.308203125 0.30635245901639346 0.22734375
11 0.78125 0.308203125 0.30635245901639346 0.22734375
28 0.2525614754098361 0.38671875 0.2776639344262295 0.33125000000000004
28 0.2525614754098361 0.38671875 0.2776639344262295 0.33125000000000004
