49 0.40061475409836067 0.20390625 0.1905737704918033 0.1484375
40 0.2371926229508197 0.653515625 0.18954918032786885 0.17421875
59 0.7151639344262295 0.620703125 0.2807377049180328 0.23671875
40 0.2371926229508197 0.653515625 0.18954918032786885 0.17421875
40 0.2371926229508197 0.653515625 0.18954918032786885 0.17421875
40 0.2371926229508197 0.653515625 0.18954918032786885 0.17421875
40 0.2371926229508197 0.653515625 0.18954918032786885 0.17421875
40 0.2371926229508197 0.653515625 0.18954918032786885 0.17421875
59 0.7151639344262295 0.620703125 0.2807377049180328 0.23671875
59 0.7151639344262295 0.620703125 0.2807377049180328 0.23671875
