1 0.194672131147541 0.72265625 0.319672131147541 0.2546875
49 0.5138319672131147 0.251171875 0.1875 0.14140625
14 0.8155737704918034 0.7421875 0.3073770491803279 0.15000000000000002
1 0.194672131147541 0.72265625 0.319672131147541 0.2546875
1 0.194672131147541 0.72265625 0.319672131147541 0.2546875
1 0.194672131147541 0.72265625 0.319672131147541 0.2546875
1 0.194672131147541 0.72265625 0.319672131147541 0.2546875
1 0.194672131147541 0.72265625 0.319672131147541 0.2546875
14 0.8155737704918034 0.7421875 0.3073770491803279 0.15000000000000002
14 0.8155737704918034 0.7421875 0.3073770491803279 0.15000000000000002
14 0.8155737704918034 0.7421875 0.3073770491803279 0.15000000000000002
14 0.8155737704918034 0.7421875 0.3073770491803279 0.15000000000000002
