65 0.7459016393442623 0.732421875 0.2418032786885246 0.39765625000000004
8 0.2546106557377049 0.30546875 0.326844262295082 0.403125
25 0.7756147540983607 0.26328125 0.21516393442622953 0.3671875
63 0.27100409836065575 0.7718750000000001 0.26946721311475413 0.2078125
8 0.2546106557377049 0.30546875 0.326844262295082 0.403125
8 0.2546106557377049 0.30546875 0.326844262295082 0.403125
8 0.2546106557377049 0.30546875 0.326844262295082 0.403125
8 0.2546106557377049 0.30546875 0.326844262295082 0.403125
63 0.27100409836065575 0.7718750000000001 0.26946721311475413 0.2078125
63 0.27100409836065575 0.7718750000000001 0.26946721311475413 0.2078125
63 0.27100409836065575 0.7718750000000001 0.26946721311475413 0.2078125
65 0.7459016393442623 0.732421875 0.2418032786885246 0.39765625000000004
65 0.7459016393442623 0.732421875 0.2418032786885246 0.39765625000000004
65 0.7459016393442623 0.732421875 0.2418032786885246 0.39765625000000004
