0 0.26588114754098363 0.733984375 0.24487704918032788 0.18828125
26 0.7720286885245902 0.7109375 0.1362704918032787 0.1640625
28 0.740266393442623 0.264453125 0.2838114754098361 0.31796875
44 0.22079918032786885 0.28984375 0.20799180327868855 0.153125
28 0.740266393442623 0.264453125 0.2838114754098361 0.31796875
28 0.740266393442623 0.264453125 0.2838114754098361 0.31796875
28 0.740266393442623 0.264453125 0.2838114754098361 0.31796875
28 0.740266393442623 0.264453125 0.2838114754098361 0.31796875
44 0.22079918032786885 0.28984375 0.20799180327868855 0.153125
44 0.22079918032786885 0.28984375 0.20799180327868855 0.153125
