26 0.7428278688524591 0.749609375 0.21311475409836067 0.11328125
10 0.21721311475409838 0.23164062500000002 0.194672131147541 0.14609375
71 0.23206967213114754 0.747265625 0.18545081967213115 0.13828125
10 0.21721311475409838 0.23164062500000002 0.194672131147541 0.14609375
10 0.21721311475409838 0.23164062500000002 0.194672131147541 0.14609375
71 0.23206967213114754 0.747265625 0.18545081967213115 0.13828125
71 0.23206967213114754 0.747265625 0.18545081967213115 0.13828125
71 0.23206967213114754 0.747265625 0.18545081967213115 0.13828125
71 0.23206967213114754 0.747265625 0.18545081967213115 0.13828125
71 0.23206967213114754 0.747265625 0.18545081967213115 0.13828125
