45 0.7515368852459017 0.22890625 0.21413934426229508 0.15937500000000002
9 0.23104508196721313 0.632421875 0.3206967213114754 0.36640625000000004
56 0.7069672131147542 0.7566406250000001 0.3422131147540984 0.12421875
45 0.7515368852459017 0.22890625 0.21413934426229508 0.15937500000000002
45 0.7515368852459017 0.22890625 0.21413934426229508 0.15937500000000002
45 0.7515368852459017 0.22890625 0.21413934426229508 0.15937500000000002
45 0.7515368852459017 0.22890625 0.21413934426229508 0.15937500000000002
56 0.7069672131147542 0.7566406250000001 0.3422131147540984 0.12421875
56 0.7069672131147542 0.7566406250000001 0.3422131147540984 0.12421875
56 0.7069672131147542 0.7566406250000001 0.3422131147540984 0.12421875
56 0.7069672131147542 0.7566406250000001 0.3422131147540984 0.12421875
56 0.7069672131147542 0.7566406250000001 0.3422131147540984 0.12421875
56 0.7069672131147542 0.7566406250000001 0.3422131147540984 0.12421875
56 0.7069672131147542 0.7566406250000001 0.3422131147540984 0.12421875
