37 0.23155737704918034 0.732421875 0.3627049180327869 0.23515625
18 0.7192622950819673 0.2171875 0.2213114754098361 0.16718750000000002
68 0.2510245901639344 0.230859375 0.21516393442622953 0.15546875000000002
3 0.7325819672131147 0.7097656250000001 0.2868852459016394 0.15078125
18 0.7192622950819673 0.2171875 0.2213114754098361 0.16718750000000002
18 0.7192622950819673 0.2171875 0.2213114754098361 0.16718750000000002
18 0.7192622950819673 0.2171875 0.2213114754098361 0.16718750000000002
37 0.23155737704918034 0.732421875 0.3627049180327869 0.23515625
37 0.23155737704918034 0.732421875 0.3627049180327869 0.23515625
37 0.23155737704918034 0.732421875 0.3627049180327869 0.23515625
68 0.2510245901639344 0.230859375 0.21516393442622953 0.15546875000000002
