9 0.29508196721311475 0.7234375000000001 0.30327868852459017 0.384375
26 0.8068647540983607 0.7390625000000001 0.21618852459016394 0.1046875
4 0.7120901639344263 0.30078125 0.2561475409836066 0.325
44 0.2653688524590164 0.2609375 0.21106557377049182 0.153125
4 0.7120901639344263 0.30078125 0.2561475409836066 0.325
4 0.7120901639344263 0.30078125 0.2561475409836066 0.325
44 0.2653688524590164 0.2609375 0.21106557377049182 0.153125
44 0.2653688524590164 0.2609375 0.21106557377049182 0.153125
44 0.2653688524590164 0.2609375 0.21106557377049182 0.153125
44 0.2653688524590164 0.2609375 0.21106557377049182 0.153125
