63 0.2530737704918033 0.740234375 0.2602459016393443 0.19765625
25 0.740266393442623 0.268359375 0.2961065573770492 0.34609375000000003
8 0.2525614754098361 0.23593750000000002 0.32479508196721313 0.39687500000000003
16 0.7832991803278689 0.7253906250000001 0.2510245901639344 0.34921875
8 0.2525614754098361 0.23593750000000002 0.32479508196721313 0.39687500000000003
8 0.2525614754098361 0.23593750000000002 0.32479508196721313 0.39687500000000003
16 0.7832991803278689 0.7253906250000001 0.2510245901639344 0.34921875
16 0.7832991803278689 0.7253906250000001 0.2510245901639344 0.34921875
63 0.2530737704918033 0.740234375 0.2602459016393443 0.19765625
63 0.2530737704918033 0.740234375 0.2602459016393443 0.19765625
63 0.2530737704918033 0.740234375 0.2602459016393443 0.19765625
