25 0.71875 0.251171875 0.21209016393442623 0.36484375
30 0.2566598360655738 0.283984375 0.30635245901639346 0.43671875000000004
63 0.2617827868852459 0.7484375000000001 0.26741803278688525 0.209375
35 0.7361680327868853 0.7566406250000001 0.2387295081967213 0.40546875000000004
30 0.2566598360655738 0.283984375 0.30635245901639346 0.43671875000000004
30 0.2566598360655738 0.283984375 0.30635245901639346 0.43671875000000004
30 0.2566598360655738 0.283984375 0.30635245901639346 0.43671875000000004
30 0.2566598360655738 0.283984375 0.30635245901639346 0.43671875000000004
35 0.7361680327868853 0.7566406250000001 0.2387295081967213 0.40546875000000004
35 0.7361680327868853 0.7566406250000001 0.2387295081967213 0.40546875000000004
35 0.7361680327868853 0.7566406250000001 0.2387295081967213 0.40546875000000004
35 0.7361680327868853 0.7566406250000001 0.2387295081967213 0.40546875000000004
35 0.7361680327868853 0.7566406250000001 0.2387295081967213 0.40546875000000004
35 0.7361680327868853 0.7566406250000001 0.2387295081967213 0.40546875000000004
63 0.2617827868852459 0.7484375000000001 0.26741803278688525 0.209375
63 0.2617827868852459 0.7484375000000001 0.26741803278688525 0.209375
63 0.2617827868852459 0.7484375000000001 0.26741803278688525 0.209375
