2 0.26331967213114754 0.6312500000000001 0.3729508196721312 0.3296875
49 0.42674180327868855 0.23007812500000002 0.18954918032786885 0.14765625000000002
40 0.7295081967213115 0.6550781250000001 0.2028688524590164 0.16953125000000002
2 0.26331967213114754 0.6312500000000001 0.3729508196721312 0.3296875
2 0.26331967213114754 0.6312500000000001 0.3729508196721312 0.3296875
2 0.26331967213114754 0.6312500000000001 0.3729508196721312 0.3296875
2 0.26331967213114754 0.6312500000000001 0.3729508196721312 0.3296875
2 0.26331967213114754 0.6312500000000001 0.3729508196721312 0.3296875
2 0.26331967213114754 0.6312500000000001 0.3729508196721312 0.3296875
2 0.26331967213114754 0.6312500000000001 0.3729508196721312 0.3296875
40 0.7295081967213115 0.6550781250000001 0.2028688524590164 0.16953125000000002
40 0.7295081967213115 0.6550781250000001 0.2028688524590164 0.16953125000000002
