25 0.22489754098360656 0.698828125 0.23053278688524592 0.38203125000000004
29 0.6956967213114754 0.67890625 0.32172131147540983 0.3953125
22 0.22438524590163936 0.23398437500000002 0.26229508196721313 0.31015625
63 0.6649590163934427 0.2234375 0.25 0.19687500000000002
22 0.22438524590163936 0.23398437500000002 0.26229508196721313 0.31015625
29 0.6956967213114754 0.67890625 0.32172131147540983 0.3953125
29 0.6956967213114754 0.67890625 0.32172131147540983 0.3953125
29 0.6956967213114754 0.67890625 0.32172131147540983 0.3953125
63 0.6649590163934427 0.2234375 0.25 0.19687500000000002
63 0.6649590163934427 0.2234375 0.25 0.19687500000000002
