0 0.7115778688524591 0.26171875 0.2387295081967213 0.1765625
26 0.24436475409836067 0.258984375 0.18545081967213115 0.14140625
12 0.6910860655737705 0.71484375 0.4170081967213115 0.21250000000000002
33 0.22899590163934427 0.72421875 0.16700819672131148 0.1234375
12 0.6910860655737705 0.71484375 0.4170081967213115 0.21250000000000002
12 0.6910860655737705 0.71484375 0.4170081967213115 0.21250000000000002
33 0.22899590163934427 0.72421875 0.16700819672131148 0.1234375
33 0.22899590163934427 0.72421875 0.16700819672131148 0.1234375
33 0.22899590163934427 0.72421875 0.16700819672131148 0.1234375
33 0.22899590163934427 0.72421875 0.16700819672131148 0.1234375
