42 0.2838114754098361 0.7718750000000001 0.33196721311475413 0.253125
35 0.7602459016393444 0.7234375000000001 0.2336065573770492 0.38593750000000004
29 0.2535860655737705 0.26171875 0.3125 0.4
29 0.2535860655737705 0.26171875 0.3125 0.4
29 0.2535860655737705 0.26171875 0.3125 0.4
29 0.2535860655737705 0.26171875 0.3125 0.4
29 0.2535860655737705 0.26171875 0.3125 0.4
35 0.7602459016393444 0.7234375000000001 0.2336065573770492 0.38593750000000004
35 0.7602459016393444 0.7234375000000001 0.2336065573770492 0.38593750000000004
35 0.7602459016393444 0.7234375000000001 0.2336065573770492 0.38593750000000004
35 0.7602459016393444 0.7234375000000001 0.2336065573770492 0.38593750000000004
42 0.2838114754098361 0.7718750000000001 0.33196721311475413 0.253125
