34 0.2771516393442623 0.282421875 0.3780737704918033 0.16328125000000002
26 0.7648565573770493 0.7347656250000001 0.21209016393442623 0.13515625
11 0.7797131147540984 0.28515625 0.3073770491803279 0.2234375
0 0.2581967213114754 0.791015625 0.2540983606557377 0.18515625000000002
11 0.7797131147540984 0.28515625 0.3073770491803279 0.2234375
11 0.7797131147540984 0.28515625 0.3073770491803279 0.2234375
11 0.7797131147540984 0.28515625 0.3073770491803279 0.2234375
11 0.7797131147540984 0.28515625 0.3073770491803279 0.2234375
11 0.7797131147540984 0.28515625 0.3073770491803279 0.2234375
11 0.7797131147540984 0.28515625 0.3073770491803279 0.2234375
34 0.2771516393442623 0.282421875 0.3780737704918033 0.16328125000000002
34 0.2771516393442623 0.282421875 0.3780737704918033 0.16328125000000002
