28 0.7494877049180328 0.7039062500000001 0.2920081967213115 0.353125
10 0.2525614754098361 0.737890625 0.19774590163934427 0.14921875
9 0.7079918032786886 0.23554687500000002 0.30532786885245905 0.35859375000000004
10 0.2525614754098361 0.737890625 0.19774590163934427 0.14921875
10 0.2525614754098361 0.737890625 0.19774590163934427 0.14921875
10 0.2525614754098361 0.737890625 0.19774590163934427 0.14921875
10 0.2525614754098361 0.737890625 0.19774590163934427 0.14921875
28 0.7494877049180328 0.7039062500000001 0.2920081967213115 0.353125
28 0.7494877049180328 0.7039062500000001 0.2920081967213115 0.353125
28 0.7494877049180328 0.7039062500000001 0.2920081967213115 0.353125
28 0.7494877049180328 0.7039062500000001 0.2920081967213115 0.353125
