25 0.7863729508196722 0.269140625 0.23258196721311478 0.36953125000000003
35 0.7879098360655739 0.7265625 0.2561475409836066 0.40156250000000004
30 0.29713114754098363 0.26875 0.30122950819672134 0.4546875
42 0.30327868852459017 0.790625 0.3422131147540984 0.2609375
30 0.29713114754098363 0.26875 0.30122950819672134 0.4546875
30 0.29713114754098363 0.26875 0.30122950819672134 0.4546875
30 0.29713114754098363 0.26875 0.30122950819672134 0.4546875
30 0.29713114754098363 0.26875 0.30122950819672134 0.4546875
35 0.7879098360655739 0.7265625 0.2561475409836066 0.40156250000000004
35 0.7879098360655739 0.7265625 0.2561475409836066 0.40156250000000004
35 0.7879098360655739 0.7265625 0.2561475409836066 0.40156250000000004
42 0.30327868852459017 0.790625 0.3422131147540984 0.2609375
42 0.30327868852459017 0.790625 0.3422131147540984 0.2609375
42 0.30327868852459017 0.790625 0.3422131147540984 0.2609375
