69 0.2853483606557377 0.27773437500000003 0.3698770491803279 0.35078125000000004
22 0.7443647540983607 0.7464843750000001 0.26331967213114754 0.33046875000000003
63 0.2832991803278689 0.7734375 0.26741803278688525 0.2109375
25 0.7295081967213115 0.2734375 0.22950819672131148 0.359375
22 0.7443647540983607 0.7464843750000001 0.26331967213114754 0.33046875000000003
22 0.7443647540983607 0.7464843750000001 0.26331967213114754 0.33046875000000003
22 0.7443647540983607 0.7464843750000001 0.26331967213114754 0.33046875000000003
22 0.7443647540983607 0.7464843750000001 0.26331967213114754 0.33046875000000003
63 0.2832991803278689 0.7734375 0.26741803278688525 0.2109375
69 0.2853483606557377 0.27773437500000003 0.3698770491803279 0.35078125000000004
