43 0.7459016393442623 0.66015625 0.17827868852459017 0.20625000000000002
49 0.4948770491803279 0.26406250000000003 0.1905737704918033 0.1421875
72 0.27356557377049184 0.701171875 0.2336065573770492 0.17578125
43 0.7459016393442623 0.66015625 0.17827868852459017 0.20625000000000002
43 0.7459016393442623 0.66015625 0.17827868852459017 0.20625000000000002
43 0.7459016393442623 0.66015625 0.17827868852459017 0.20625000000000002
72 0.27356557377049184 0.701171875 0.2336065573770492 0.17578125
72 0.27356557377049184 0.701171875 0.2336065573770492 0.17578125
72 0.27356557377049184 0.701171875 0.2336065573770492 0.17578125
72 0.27356557377049184 0.701171875 0.2336065573770492 0.17578125
