53 0.18237704918032788 0.7156250000000001 0.19262295081967215 0.1453125
45 0.7095286885245902 0.2078125 0.21209016393442623 0.15625
24 0.2300204918032787 0.187890625 0.2059426229508197 0.15234375
0 0.7269467213114754 0.7097656250000001 0.24692622950819673 0.18359375
45 0.7095286885245902 0.2078125 0.21209016393442623 0.15625
45 0.7095286885245902 0.2078125 0.21209016393442623 0.15625
53 0.18237704918032788 0.7156250000000001 0.19262295081967215 0.1453125
53 0.18237704918032788 0.7156250000000001 0.19262295081967215 0.1453125
53 0.18237704918032788 0.7156250000000001 0.19262295081967215 0.1453125
53 0.18237704918032788 0.7156250000000001 0.19262295081967215 0.1453125
53 0.18237704918032788 0.7156250000000001 0.19262295081967215 0.1453125
53 0.18237704918032788 0.7156250000000001 0.19262295081967215 0.1453125
