0 0.7064549180327869 0.201171875 0.2387295081967213 0.17578125
6 0.21567622950819673 0.22031250000000002 0.18954918032786885 0.21875
26 0.7044057377049181 0.7328125000000001 0.2182377049180328 0.1125
71 0.1864754098360656 0.719921875 0.1864754098360656 0.13984375000000002
6 0.21567622950819673 0.22031250000000002 0.18954918032786885 0.21875
6 0.21567622950819673 0.22031250000000002 0.18954918032786885 0.21875
6 0.21567622950819673 0.22031250000000002 0.18954918032786885 0.21875
6 0.21567622950819673 0.22031250000000002 0.18954918032786885 0.21875
6 0.21567622950819673 0.22031250000000002 0.18954918032786885 0.21875
71 0.1864754098360656 0.719921875 0.1864754098360656 0.13984375000000002
71 0.1864754098360656 0.719921875 0.1864754098360656 0.13984375000000002
