49 0.5399590163934427 0.23984375000000002 0.18852459016393444 0.1421875
57 0.26434426229508196 0.6351562500000001 0.2868852459016394 0.259375
19 0.7325819672131147 0.700390625 0.18852459016393444 0.14765625000000002
19 0.7325819672131147 0.700390625 0.18852459016393444 0.14765625000000002
19 0.7325819672131147 0.700390625 0.18852459016393444 0.14765625000000002
19 0.7325819672131147 0.700390625 0.18852459016393444 0.14765625000000002
19 0.7325819672131147 0.700390625 0.18852459016393444 0.14765625000000002
19 0.7325819672131147 0.700390625 0.18852459016393444 0.14765625000000002
57 0.26434426229508196 0.6351562500000001 0.2868852459016394 0.259375
57 0.26434426229508196 0.6351562500000001 0.2868852459016394 0.259375
57 0.26434426229508196 0.6351562500000001 0.2868852459016394 0.259375
57 0.26434426229508196 0.6351562500000001 0.2868852459016394 0.259375
57 0.26434426229508196 0.6351562500000001 0.2868852459016394 0.259375
