49 0.4738729508196722 0.248828125 0.18954918032786885 0.14296875
19 0.7387295081967213 0.7546875000000001 0.19262295081967215 0.146875
17 0.26895491803278687 0.69296875 0.3534836065573771 0.29375
17 0.26895491803278687 0.69296875 0.3534836065573771 0.29375
17 0.26895491803278687 0.69296875 0.3534836065573771 0.29375
17 0.26895491803278687 0.69296875 0.3534836065573771 0.29375
19 0.7387295081967213 0.7546875000000001 0.19262295081967215 0.146875
19 0.7387295081967213 0.7546875000000001 0.19262295081967215 0.146875
19 0.7387295081967213 0.7546875000000001 0.19262295081967215 0.146875
19 0.7387295081967213 0.7546875000000001 0.19262295081967215 0.146875
