9 0.19262295081967215 0.7757812500000001 0.3770491803278689 0.35625
10 0.8048155737704918 0.7664062500000001 0.20184426229508198 0.15156250000000002
71 0.7817622950819673 0.28125 0.18237704918032788 0.13593750000000002
10 0.8048155737704918 0.7664062500000001 0.20184426229508198 0.15156250000000002
10 0.8048155737704918 0.7664062500000001 0.20184426229508198 0.15156250000000002
10 0.8048155737704918 0.7664062500000001 0.20184426229508198 0.15156250000000002
10 0.8048155737704918 0.7664062500000001 0.20184426229508198 0.15156250000000002
10 0.8048155737704918 0.7664062500000001 0.20184426229508198 0.15156250000000002
71 0.7817622950819673 0.28125 0.18237704918032788 0.13593750000000002
71 0.7817622950819673 0.28125 0.18237704918032788 0.13593750000000002
