49 0.4733606557377049 0.23398437500000002 0.1905737704918033 0.14609375
40 0.7151639344262295 0.6824218750000001 0.15368852459016394 0.18828125
21 0.22899590163934427 0.7035156250000001 0.35963114754098363 0.26484375
21 0.22899590163934427 0.7035156250000001 0.35963114754098363 0.26484375
21 0.22899590163934427 0.7035156250000001 0.35963114754098363 0.26484375
21 0.22899590163934427 0.7035156250000001 0.35963114754098363 0.26484375
21 0.22899590163934427 0.7035156250000001 0.35963114754098363 0.26484375
21 0.22899590163934427 0.7035156250000001 0.35963114754098363 0.26484375
40 0.7151639344262295 0.6824218750000001 0.15368852459016394 0.18828125
40 0.7151639344262295 0.6824218750000001 0.15368852459016394 0.18828125
40 0.7151639344262295 0.6824218750000001 0.15368852459016394 0.18828125
