45 0.25973360655737704 0.796875 0.21413934426229508 0.1640625
0 0.7264344262295083 0.31484375000000003 0.23565573770491804 0.17343750000000002
24 0.7530737704918034 0.775 0.21721311475409838 0.16562500000000002
62 0.2827868852459017 0.29921875000000003 0.13729508196721313 0.1078125
45 0.25973360655737704 0.796875 0.21413934426229508 0.1640625
45 0.25973360655737704 0.796875 0.21413934426229508 0.1640625
62 0.2827868852459017 0.29921875000000003 0.13729508196721313 0.1078125
62 0.2827868852459017 0.29921875000000003 0.13729508196721313 0.1078125
62 0.2827868852459017 0.29921875000000003 0.13729508196721313 0.1078125
62 0.2827868852459017 0.29921875000000003 0.13729508196721313 0.1078125
