55 0.3104508196721312 0.692578125 0.22336065573770492 0.27890625
13 0.7351434426229508 0.737890625 0.1711065573770492 0.18671875000000002
9 0.8043032786885246 0.21484375 0.3545081967213115 0.35625
13 0.7351434426229508 0.737890625 0.1711065573770492 0.18671875000000002
13 0.7351434426229508 0.737890625 0.1711065573770492 0.18671875000000002
13 0.7351434426229508 0.737890625 0.1711065573770492 0.18671875000000002
13 0.7351434426229508 0.737890625 0.1711065573770492 0.18671875000000002
13 0.7351434426229508 0.737890625 0.1711065573770492 0.18671875000000002
13 0.7351434426229508 0.737890625 0.1711065573770492 0.18671875000000002
13 0.7351434426229508 0.737890625 0.1711065573770492 0.18671875000000002
13 0.7351434426229508 0.737890625 0.1711065573770492 0.18671875000000002
13 0.7351434426229508 0.737890625 0.1711065573770492 0.18671875000000002
55 0.3104508196721312 0.692578125 0.22336065573770492 0.27890625
55 0.3104508196721312 0.692578125 0.22336065573770492 0.27890625
55 0.3104508196721312 0.692578125 0.22336065573770492 0.27890625
