49 0.48514344262295084 0.24765625000000002 0.18954918032786885 0.1421875
47 0.29969262295081966 0.73203125 0.26946721311475413 0.51875
59 0.7581967213114754 0.7464843750000001 0.30122950819672134 0.22265625
47 0.29969262295081966 0.73203125 0.26946721311475413 0.51875
47 0.29969262295081966 0.73203125 0.26946721311475413 0.51875
47 0.29969262295081966 0.73203125 0.26946721311475413 0.51875
47 0.29969262295081966 0.73203125 0.26946721311475413 0.51875
47 0.29969262295081966 0.73203125 0.26946721311475413 0.51875
47 0.29969262295081966 0.73203125 0.26946721311475413 0.51875
47 0.29969262295081966 0.73203125 0.26946721311475413 0.51875
47 0.29969262295081966 0.73203125 0.26946721311475413 0.51875
47 0.29969262295081966 0.73203125 0.26946721311475413 0.51875
59 0.7581967213114754 0.7464843750000001 0.30122950819672134 0.22265625
59 0.7581967213114754 0.7464843750000001 0.30122950819672134 0.22265625
59 0.7581967213114754 0.7464843750000001 0.30122950819672134 0.22265625
