31 0.6752049180327869 0.23125 0.27459016393442626 0.2078125
35 0.20081967213114754 0.252734375 0.2377049180327869 0.38046875
69 0.6869877049180328 0.6550781250000001 0.33299180327868855 0.37578125
35 0.20081967213114754 0.252734375 0.2377049180327869 0.38046875
35 0.20081967213114754 0.252734375 0.2377049180327869 0.38046875
35 0.20081967213114754 0.252734375 0.2377049180327869 0.38046875
35 0.20081967213114754 0.252734375 0.2377049180327869 0.38046875
69 0.6869877049180328 0.6550781250000001 0.33299180327868855 0.37578125
69 0.6869877049180328 0.6550781250000001 0.33299180327868855 0.37578125
69 0.6869877049180328 0.6550781250000001 0.33299180327868855 0.37578125
