26 0.7556352459016393 0.7347656250000001 0.19364754098360656 0.14921875
12 0.7341188524590164 0.276953125 0.4170081967213115 0.17421875
60 0.2838114754098361 0.28359375000000003 0.2069672131147541 0.20468750000000002
12 0.7341188524590164 0.276953125 0.4170081967213115 0.17421875
12 0.7341188524590164 0.276953125 0.4170081967213115 0.17421875
60 0.2838114754098361 0.28359375000000003 0.2069672131147541 0.20468750000000002
60 0.2838114754098361 0.28359375000000003 0.2069672131147541 0.20468750000000002
60 0.2838114754098361 0.28359375000000003 0.2069672131147541 0.20468750000000002
60 0.2838114754098361 0.28359375000000003 0.2069672131147541 0.20468750000000002
60 0.2838114754098361 0.28359375000000003 0.2069672131147541 0.20468750000000002
60 0.2838114754098361 0.28359375000000003 0.2069672131147541 0.20468750000000002
