25 0.7325819672131147 0.253515625 0.21926229508196723 0.36953125000000003
66 0.7274590163934427 0.7328125000000001 0.22540983606557377 0.36875
30 0.3037909836065574 0.29921875000000003 0.3493852459016394 0.3921875
31 0.2566598360655738 0.745703125 0.2920081967213115 0.22109375
30 0.3037909836065574 0.29921875000000003 0.3493852459016394 0.3921875
30 0.3037909836065574 0.29921875000000003 0.3493852459016394 0.3921875
30 0.3037909836065574 0.29921875000000003 0.3493852459016394 0.3921875
30 0.3037909836065574 0.29921875000000003 0.3493852459016394 0.3921875
31 0.2566598360655738 0.745703125 0.2920081967213115 0.22109375
31 0.2566598360655738 0.745703125 0.2920081967213115 0.22109375
66 0.7274590163934427 0.7328125000000001 0.22540983606557377 0.36875
66 0.7274590163934427 0.7328125000000001 0.22540983606557377 0.36875
66 0.7274590163934427 0.7328125000000001 0.22540983606557377 0.36875
66 0.7274590163934427 0.7328125000000001 0.22540983606557377 0.36875
