25 0.7361680327868853 0.2484375 0.21618852459016394 0.3796875
31 0.2556352459016394 0.7453125 0.2899590163934426 0.22187500000000002
29 0.2761270491803279 0.26875 0.38422131147540983 0.3640625
66 0.7284836065573771 0.732421875 0.22745901639344263 0.36796875
29 0.2761270491803279 0.26875 0.38422131147540983 0.3640625
29 0.2761270491803279 0.26875 0.38422131147540983 0.3640625
29 0.2761270491803279 0.26875 0.38422131147540983 0.3640625
29 0.2761270491803279 0.26875 0.38422131147540983 0.3640625
31 0.2556352459016394 0.7453125 0.2899590163934426 0.22187500000000002
31 0.2556352459016394 0.7453125 0.2899590163934426 0.22187500000000002
66 0.7284836065573771 0.732421875 0.22745901639344263 0.36796875
66 0.7284836065573771 0.732421875 0.22745901639344263 0.36796875
66 0.7284836065573771 0.732421875 0.22745901639344263 0.36796875
