49 0.5138319672131147 0.7703125000000001 0.19364754098360656 0.1484375
7 0.663422131147541 0.345703125 0.2817622950819672 0.33046875000000003
40 0.2223360655737705 0.31367187500000004 0.1721311475409836 0.17734375000000002
7 0.663422131147541 0.345703125 0.2817622950819672 0.33046875000000003
7 0.663422131147541 0.345703125 0.2817622950819672 0.33046875000000003
7 0.663422131147541 0.345703125 0.2817622950819672 0.33046875000000003
7 0.663422131147541 0.345703125 0.2817622950819672 0.33046875000000003
7 0.663422131147541 0.345703125 0.2817622950819672 0.33046875000000003
7 0.663422131147541 0.345703125 0.2817622950819672 0.33046875000000003
40 0.2223360655737705 0.31367187500000004 0.1721311475409836 0.17734375000000002
40 0.2223360655737705 0.31367187500000004 0.1721311475409836 0.17734375000000002
40 0.2223360655737705 0.31367187500000004 0.1721311475409836 0.17734375000000002
40 0.2223360655737705 0.31367187500000004 0.1721311475409836 0.17734375000000002
40 0.2223360655737705 0.31367187500000004 0.1721311475409836 0.17734375000000002
