25 0.7863729508196722 0.240625 0.2059426229508197 0.37031250000000004
63 0.2648565573770492 0.7566406250000001 0.2612704918032787 0.19921875
65 0.7320696721311476 0.7250000000000001 0.23463114754098363 0.3796875
30 0.2899590163934426 0.2515625 0.3729508196721312 0.37031250000000004
30 0.2899590163934426 0.2515625 0.3729508196721312 0.37031250000000004
30 0.2899590163934426 0.2515625 0.3729508196721312 0.37031250000000004
30 0.2899590163934426 0.2515625 0.3729508196721312 0.37031250000000004
63 0.2648565573770492 0.7566406250000001 0.2612704918032787 0.19921875
65 0.7320696721311476 0.7250000000000001 0.23463114754098363 0.3796875
65 0.7320696721311476 0.7250000000000001 0.23463114754098363 0.3796875
65 0.7320696721311476 0.7250000000000001 0.23463114754098363 0.3796875
65 0.7320696721311476 0.7250000000000001 0.23463114754098363 0.3796875
65 0.7320696721311476 0.7250000000000001 0.23463114754098363 0.3796875
65 0.7320696721311476 0.7250000000000001 0.23463114754098363 0.3796875
