26 0.24334016393442623 0.269140625 0.20184426229508198 0.11640625
34 0.27459016393442626 0.7390625000000001 0.33606557377049184 0.22968750000000002
60 0.7694672131147542 0.743359375 0.2561475409836066 0.18671875000000002
0 0.7966188524590164 0.1765625 0.24282786885245902 0.178125
34 0.27459016393442626 0.7390625000000001 0.33606557377049184 0.22968750000000002
34 0.27459016393442626 0.7390625000000001 0.33606557377049184 0.22968750000000002
34 0.27459016393442626 0.7390625000000001 0.33606557377049184 0.22968750000000002
60 0.7694672131147542 0.743359375 0.2561475409836066 0.18671875000000002
60 0.7694672131147542 0.743359375 0.2561475409836066 0.18671875000000002
60 0.7694672131147542 0.743359375 0.2561475409836066 0.18671875000000002
