65 0.7320696721311476 0.7253906250000001 0.23668032786885246 0.38203125000000004
8 0.25 0.28164062500000003 0.33196721311475413 0.39296875000000003
25 0.7817622950819673 0.240625 0.20491803278688525 0.371875
63 0.2653688524590164 0.7562500000000001 0.26229508196721313 0.2
8 0.25 0.28164062500000003 0.33196721311475413 0.39296875000000003
8 0.25 0.28164062500000003 0.33196721311475413 0.39296875000000003
63 0.2653688524590164 0.7562500000000001 0.26229508196721313 0.2
63 0.2653688524590164 0.7562500000000001 0.26229508196721313 0.2
65 0.7320696721311476 0.7253906250000001 0.23668032786885246 0.38203125000000004
65 0.7320696721311476 0.7253906250000001 0.23668032786885246 0.38203125000000004
65 0.7320696721311476 0.7253906250000001 0.23668032786885246 0.38203125000000004
