24 0.19672131147540983 0.242578125 0.21106557377049182 0.15703125
38 0.7433401639344263 0.7351562500000001 0.21413934426229508 0.09843750000000001
55 0.3140368852459017 0.697265625 0.2223360655737705 0.28046875
0 0.6746926229508197 0.236328125 0.24487704918032788 0.17578125
24 0.19672131147540983 0.242578125 0.21106557377049182 0.15703125
38 0.7433401639344263 0.7351562500000001 0.21413934426229508 0.09843750000000001
38 0.7433401639344263 0.7351562500000001 0.21413934426229508 0.09843750000000001
38 0.7433401639344263 0.7351562500000001 0.21413934426229508 0.09843750000000001
38 0.7433401639344263 0.7351562500000001 0.21413934426229508 0.09843750000000001
38 0.7433401639344263 0.7351562500000001 0.21413934426229508 0.09843750000000001
55 0.3140368852459017 0.697265625 0.2223360655737705 0.28046875
