64 0.24743852459016394 0.75546875 0.257172131147541 0.19062500000000002
3 0.27561475409836067 0.294140625 0.2848360655737705 0.13828125
54 0.7863729508196722 0.6824218750000001 0.40266393442622955 0.38984375000000004
32 0.8002049180327869 0.27773437500000003 0.22745901639344263 0.15546875000000002
32 0.8002049180327869 0.27773437500000003 0.22745901639344263 0.15546875000000002
32 0.8002049180327869 0.27773437500000003 0.22745901639344263 0.15546875000000002
32 0.8002049180327869 0.27773437500000003 0.22745901639344263 0.15546875000000002
54 0.7863729508196722 0.6824218750000001 0.40266393442622955 0.38984375000000004
54 0.7863729508196722 0.6824218750000001 0.40266393442622955 0.38984375000000004
54 0.7863729508196722 0.6824218750000001 0.40266393442622955 0.38984375000000004
64 0.24743852459016394 0.75546875 0.257172131147541 0.19062500000000002
