21 0.23206967213114754 0.6121093750000001 0.36168032786885246 0.27265625
72 0.6603483606557378 0.6605468750000001 0.23668032786885246 0.17890625000000002
49 0.4482581967213115 0.21992187500000002 0.18954918032786885 0.14921875
21 0.23206967213114754 0.6121093750000001 0.36168032786885246 0.27265625
21 0.23206967213114754 0.6121093750000001 0.36168032786885246 0.27265625
21 0.23206967213114754 0.6121093750000001 0.36168032786885246 0.27265625
21 0.23206967213114754 0.6121093750000001 0.36168032786885246 0.27265625
21 0.23206967213114754 0.6121093750000001 0.36168032786885246 0.27265625
21 0.23206967213114754 0.6121093750000001 0.36168032786885246 0.27265625
72 0.6603483606557378 0.6605468750000001 0.23668032786885246 0.17890625000000002
