25 0.17776639344262296 0.7093750000000001 0.21413934426229508 0.384375
63 0.6890368852459017 0.241015625 0.2530737704918033 0.19609375
65 0.23975409836065575 0.251171875 0.23975409836065575 0.37890625
23 0.6956967213114754 0.7488281250000001 0.3278688524590164 0.38515625000000003
23 0.6956967213114754 0.7488281250000001 0.3278688524590164 0.38515625000000003
23 0.6956967213114754 0.7488281250000001 0.3278688524590164 0.38515625000000003
23 0.6956967213114754 0.7488281250000001 0.3278688524590164 0.38515625000000003
63 0.6890368852459017 0.241015625 0.2530737704918033 0.19609375
65 0.23975409836065575 0.251171875 0.23975409836065575 0.37890625
65 0.23975409836065575 0.251171875 0.23975409836065575 0.37890625
65 0.23975409836065575 0.251171875 0.23975409836065575 0.37890625
65 0.23975409836065575 0.251171875 0.23975409836065575 0.37890625
