16 0.18442622950819673 0.259375 0.2336065573770492 0.3296875
63 0.6962090163934427 0.25 0.2530737704918033 0.19843750000000002
29 0.7377049180327869 0.6421875 0.2930327868852459 0.3953125
16 0.18442622950819673 0.259375 0.2336065573770492 0.3296875
16 0.18442622950819673 0.259375 0.2336065573770492 0.3296875
16 0.18442622950819673 0.259375 0.2336065573770492 0.3296875
29 0.7377049180327869 0.6421875 0.2930327868852459 0.3953125
29 0.7377049180327869 0.6421875 0.2930327868852459 0.3953125
29 0.7377049180327869 0.6421875 0.2930327868852459 0.3953125
63 0.6962090163934427 0.25 0.2530737704918033 0.19843750000000002
