47 0.716188524590164 0.7109375 0.29508196721311475 0.5140625
49 0.4713114754098361 0.24453125 0.1905737704918033 0.1421875
61 0.2858606557377049 0.7410156250000001 0.3114754098360656 0.23828125
47 0.716188524590164 0.7109375 0.29508196721311475 0.5140625
47 0.716188524590164 0.7109375 0.29508196721311475 0.5140625
47 0.716188524590164 0.7109375 0.29508196721311475 0.5140625
47 0.716188524590164 0.7109375 0.29508196721311475 0.5140625
47 0.716188524590164 0.7109375 0.29508196721311475 0.5140625
47 0.716188524590164 0.7109375 0.29508196721311475 0.5140625
47 0.716188524590164 0.7109375 0.29508196721311475 0.5140625
47 0.716188524590164 0.7109375 0.29508196721311475 0.5140625
61 0.2858606557377049 0.7410156250000001 0.3114754098360656 0.23828125
61 0.2858606557377049 0.7410156250000001 0.3114754098360656 0.23828125
