26 0.24590163934426232 0.2578125 0.1864754098360656 0.140625
12 0.6859631147540984 0.71796875 0.41905737704918034 0.209375
11 0.20543032786885246 0.701171875 0.3206967213114754 0.23671875
11 0.20543032786885246 0.701171875 0.3206967213114754 0.23671875
11 0.20543032786885246 0.701171875 0.3206967213114754 0.23671875
11 0.20543032786885246 0.701171875 0.3206967213114754 0.23671875
11 0.20543032786885246 0.701171875 0.3206967213114754 0.23671875
12 0.6859631147540984 0.71796875 0.41905737704918034 0.209375
12 0.6859631147540984 0.71796875 0.41905737704918034 0.209375
12 0.6859631147540984 0.71796875 0.41905737704918034 0.209375
12 0.6859631147540984 0.71796875 0.41905737704918034 0.209375
