18 0.2653688524590164 0.27773437500000003 0.2336065573770492 0.17421875
49 0.49129098360655743 0.8031250000000001 0.19979508196721313 0.15000000000000002
17 0.7453893442622951 0.347265625 0.2551229508196721 0.32109375
17 0.7453893442622951 0.347265625 0.2551229508196721 0.32109375
17 0.7453893442622951 0.347265625 0.2551229508196721 0.32109375
17 0.7453893442622951 0.347265625 0.2551229508196721 0.32109375
17 0.7453893442622951 0.347265625 0.2551229508196721 0.32109375
17 0.7453893442622951 0.347265625 0.2551229508196721 0.32109375
17 0.7453893442622951 0.347265625 0.2551229508196721 0.32109375
17 0.7453893442622951 0.347265625 0.2551229508196721 0.32109375
