63 0.7100409836065574 0.24609375 0.2520491803278689 0.2015625
25 0.21004098360655737 0.7109375 0.24590163934426232 0.36562500000000003
66 0.194672131147541 0.25078125 0.22540983606557377 0.34218750000000003
69 0.6859631147540984 0.620703125 0.3186475409836066 0.38828125
63 0.7100409836065574 0.24609375 0.2520491803278689 0.2015625
63 0.7100409836065574 0.24609375 0.2520491803278689 0.2015625
63 0.7100409836065574 0.24609375 0.2520491803278689 0.2015625
63 0.7100409836065574 0.24609375 0.2520491803278689 0.2015625
66 0.194672131147541 0.25078125 0.22540983606557377 0.34218750000000003
66 0.194672131147541 0.25078125 0.22540983606557377 0.34218750000000003
66 0.194672131147541 0.25078125 0.22540983606557377 0.34218750000000003
