43 0.6741803278688525 0.65 0.21106557377049182 0.19687500000000002
40 0.2540983606557377 0.614453125 0.1639344262295082 0.18984375
49 0.46618852459016397 0.23125 0.1905737704918033 0.15156250000000002
40 0.2540983606557377 0.614453125 0.1639344262295082 0.18984375
40 0.2540983606557377 0.614453125 0.1639344262295082 0.18984375
40 0.2540983606557377 0.614453125 0.1639344262295082 0.18984375
40 0.2540983606557377 0.614453125 0.1639344262295082 0.18984375
40 0.2540983606557377 0.614453125 0.1639344262295082 0.18984375
40 0.2540983606557377 0.614453125 0.1639344262295082 0.18984375
43 0.6741803278688525 0.65 0.21106557377049182 0.19687500000000002
43 0.6741803278688525 0.65 0.21106557377049182 0.19687500000000002
