26 0.23514344262295084 0.25429687500000003 0.19364754098360656 0.12734375
0 0.725922131147541 0.198046875 0.2387295081967213 0.17734375000000002
10 0.23053278688524592 0.6742187500000001 0.19672131147540983 0.1484375
34 0.7284836065573771 0.70078125 0.39344262295081966 0.1640625
10 0.23053278688524592 0.6742187500000001 0.19672131147540983 0.1484375
10 0.23053278688524592 0.6742187500000001 0.19672131147540983 0.1484375
10 0.23053278688524592 0.6742187500000001 0.19672131147540983 0.1484375
10 0.23053278688524592 0.6742187500000001 0.19672131147540983 0.1484375
34 0.7284836065573771 0.70078125 0.39344262295081966 0.1640625
34 0.7284836065573771 0.70078125 0.39344262295081966 0.1640625
