24 0.7617827868852459 0.767578125 0.22028688524590165 0.16796875
27 0.26639344262295084 0.296875 0.22745901639344263 0.115625
9 0.2556352459016394 0.6839843750000001 0.43135245901639346 0.31640625
55 0.7120901639344263 0.31796875 0.21721311475409838 0.265625
24 0.7617827868852459 0.767578125 0.22028688524590165 0.16796875
24 0.7617827868852459 0.767578125 0.22028688524590165 0.16796875
24 0.7617827868852459 0.767578125 0.22028688524590165 0.16796875
27 0.26639344262295084 0.296875 0.22745901639344263 0.115625
27 0.26639344262295084 0.296875 0.22745901639344263 0.115625
27 0.26639344262295084 0.296875 0.22745901639344263 0.115625
27 0.26639344262295084 0.296875 0.22745901639344263 0.115625
27 0.26639344262295084 0.296875 0.22745901639344263 0.115625
27 0.26639344262295084 0.296875 0.22745901639344263 0.115625
27 0.26639344262295084 0.296875 0.22745901639344263 0.115625
27 0.26639344262295084 0.296875 0.22745901639344263 0.115625
27 0.26639344262295084 0.296875 0.22745901639344263 0.115625
27 0.26639344262295084 0.296875 0.22745901639344263 0.115625
55 0.7120901639344263 0.31796875 0.21721311475409838 0.265625
