30 0.23309426229508198 0.259765625 0.2858606557377049 0.45234375000000004
25 0.7315573770491803 0.27265625 0.23975409836065575 0.35781250000000003
22 0.7433401639344263 0.74609375 0.26331967213114754 0.33125000000000004
63 0.2838114754098361 0.7738281250000001 0.26844262295081966 0.20859375000000002
22 0.7433401639344263 0.74609375 0.26331967213114754 0.33125000000000004
22 0.7433401639344263 0.74609375 0.26331967213114754 0.33125000000000004
30 0.23309426229508198 0.259765625 0.2858606557377049 0.45234375000000004
30 0.23309426229508198 0.259765625 0.2858606557377049 0.45234375000000004
30 0.23309426229508198 0.259765625 0.2858606557377049 0.45234375000000004
30 0.23309426229508198 0.259765625 0.2858606557377049 0.45234375000000004
63 0.2838114754098361 0.7738281250000001 0.26844262295081966 0.20859375000000002
63 0.2838114754098361 0.7738281250000001 0.26844262295081966 0.20859375000000002
