0 0.747438524590164 0.21328125 0.23463114754098363 0.17500000000000002
26 0.71875 0.724609375 0.2182377049180328 0.11484375000000001
71 0.19979508196721313 0.7230468750000001 0.1864754098360656 0.14140625
10 0.19774590163934427 0.224609375 0.1905737704918033 0.14296875
10 0.19774590163934427 0.224609375 0.1905737704918033 0.14296875
10 0.19774590163934427 0.224609375 0.1905737704918033 0.14296875
10 0.19774590163934427 0.224609375 0.1905737704918033 0.14296875
10 0.19774590163934427 0.224609375 0.1905737704918033 0.14296875
71 0.19979508196721313 0.7230468750000001 0.1864754098360656 0.14140625
71 0.19979508196721313 0.7230468750000001 0.1864754098360656 0.14140625
71 0.19979508196721313 0.7230468750000001 0.1864754098360656 0.14140625
71 0.19979508196721313 0.7230468750000001 0.1864754098360656 0.14140625
